ITERATION #0
TWO COMPLEX ROOTS

NORM = 132.924

EVALUE  = (-0.153537,2.05406)

EVECTOR = 
(37.1239,21.7257) 
(-18.3712,8.92728) 
(24.3347,-2.21207) 
(-7.62617,12.7194) 
(9.3021,-2.13307) 
(4.39139,13.9834) 
(-17.8706,-14.2204) 
(14.0157,13.5884) 
(13.2758,15.0105) 
(-10.4458,-6.4782) 
(-22.3006,-8.13725) 
(28.5434,6.24119) 
(-10.9298,5.05616) 
(-41.5389,3.08109) 
(6.87738,-10.9023) 
(6.59006,10.9813) 
(-18.7405,5.53017) 
(-27.6635,24.5698) 
(6.97499,8.92728) 
(-4.75167,1.26404) 


EVALUE  = (-0.153537,-2.05406)

EVECTOR = 
(37.1239,-21.7257) 
(-18.3712,-8.92728) 
(24.3347,2.21207) 
(-7.62617,-12.7194) 
(9.3021,2.13307) 
(4.39139,-13.9834) 
(-17.8706,14.2204) 
(14.0157,-13.5884) 
(13.2758,-15.0105) 
(-10.4458,6.4782) 
(-22.3006,8.13725) 
(28.5434,-6.24119) 
(-10.9298,-5.05616) 
(-41.5389,-3.08109) 
(6.87738,10.9023) 
(6.59006,-10.9813) 
(-18.7405,-5.53017) 
(-27.6635,-24.5698) 
(6.97499,-8.92728) 
(-4.75167,-1.26404) 


ITERATION #1
TWO COMPLEX ROOTS

NORM = 81.5747

EVALUE  = (0.282423,-2.47893)

EVECTOR = 
(20.8876,-29.4921) 
(-8.99446,-20.78) 
(19.8213,3.79412) 
(-16.5501,-2.23184) 
(30.803,-1.41881) 
(0.81191,-12.291) 
(-21.7912,-6.77522) 
(22.9202,-5.30061) 
(19.8374,2.38328) 
(1.0663,14.4113) 
(-1.87857,11.9882) 
(-1.61465,3.83398) 
(-3.36401,-8.83967) 
(-16.1241,-26.2082) 
(4.38415,-5.29264) 
(-13.7697,-10.1708) 
(-13.4599,-3.02095) 
(-15.6808,-7.61216) 
(-20.5123,-8.56069) 
(-37.5371,-15.4953) 


EVALUE  = (0.282423,2.47893)

EVECTOR = 
(20.8876,29.4921) 
(-8.99446,20.78) 
(19.8213,-3.79412) 
(-16.5501,2.23184) 
(30.803,1.41881) 
(0.81191,12.291) 
(-21.7912,6.77522) 
(22.9202,5.30061) 
(19.8374,-2.38328) 
(1.0663,-14.4113) 
(-1.87857,-11.9882) 
(-1.61465,-3.83398) 
(-3.36401,8.83967) 
(-16.1241,26.2082) 
(4.38415,5.29264) 
(-13.7697,10.1708) 
(-13.4599,3.02095) 
(-15.6808,7.61216) 
(-20.5123,8.56069) 
(-37.5371,15.4953) 


ITERATION #2
TWO COMPLEX ROOTS

NORM = 116.199

EVALUE  = (-0.0471011,2.41145)

EVECTOR = 
(3.89338,21.9944) 
(-17.4575,13.6325) 
(20.8574,1.01411) 
(10.0505,13.0479) 
(3.86147,7.10467) 
(19.4073,14.9328) 
(-14.2409,1.03236) 
(12.9959,-5.27326) 
(31.8398,8.5561) 
(-12.3866,-1.40581) 
(2.81334,6.25935) 
(7.24681,4.20897) 
(-15.6025,-2.93481) 
(-30.4768,2.08689) 
(6.05416,0.628282) 
(-1.18719,23.1552) 
(-1.17749,2.53594) 
(-1.19909,5.66431) 
(9.40663,5.81877) 
(-3.93363,6.34538) 


EVALUE  = (-0.0471011,-2.41145)

EVECTOR = 
(3.89338,-21.9944) 
(-17.4575,-13.6325) 
(20.8574,-1.01411) 
(10.0505,-13.0479) 
(3.86147,-7.10467) 
(19.4073,-14.9328) 
(-14.2409,-1.03236) 
(12.9959,5.27326) 
(31.8398,-8.5561) 
(-12.3866,1.40581) 
(2.81334,-6.25935) 
(7.24681,-4.20897) 
(-15.6025,2.93481) 
(-30.4768,-2.08689) 
(6.05416,-0.628282) 
(-1.18719,-23.1552) 
(-1.17749,-2.53594) 
(-1.19909,-5.66431) 
(9.40663,-5.81877) 
(-3.93363,-6.34538) 


ITERATION #3
ONE REAL ROOT (|a1| > |a2|)

NORM = 31.4108

EVALUE  = (2.04145,-0)

EVECTOR = 
(-0.646279,-0) 
(2.95896,-0) 
(1.96096,-0) 
(-2.63432,-0) 
(8.26692,-0) 
(-1.05202,-0) 
(3.30106,-0) 
(-2.4591,-0) 
(-8.59761,-0) 
(-3.10406,-0) 
(0.829655,-0) 
(-2.63775,-0) 
(0.458849,-0) 
(7.22202,-0) 
(5.3649,-0) 
(-6.30013,-0) 
(1.96372,-0) 
(-1.89921,-0) 
(-6.80677,-0) 
(0.755573,-0) 


ITERATION #4
ONE REAL ROOT (|a1| > |a2|)

NORM = 42.65

EVALUE  = (3.01151,0)

EVECTOR = 
(0.0452045,-0) 
(-6.78282,-0) 
(5.87213,-0) 
(10.9659,-0) 
(-2.18124,-0) 
(5.11919,-0) 
(-5.92898,-0) 
(2.2388,-0) 
(7.91878,-0) 
(6.0196,-0) 
(10.2744,-0) 
(3.58593,-0) 
(-0.992611,-0) 
(-19.1767,-0) 
(-0.390835,-0) 
(2.28144,-0) 
(-5.67874,-0) 
(-2.01149,-0) 
(3.62821,-0) 
(-1.01696,-0) 


ITERATION #5
ONE REAL ROOT (|a1| > |a2|)

NORM = 29.6941

EVALUE  = (3.39315,0)

EVECTOR = 
(-5.62929,-0) 
(-1.10115,-0) 
(1.86565,-0) 
(-6.57126,-0) 
(4.72192,-0) 
(-5.16867,-0) 
(-0.300731,-0) 
(0.0469828,-0) 
(-7.67395,-0) 
(-1.73918,-0) 
(-3.12312,-0) 
(-2.0088,-0) 
(0.461419,-0) 
(7.91978,-0) 
(-0.303367,-0) 
(-11.6885,-0) 
(0.183616,-0) 
(-1.66735,-0) 
(-7.89581,-0) 
(-1.24579,-0) 


ITERATION #6
ONE REAL ROOT (|a1| > |a2|)

NORM = 35.1779

EVALUE  = (3.7642,0)

EVECTOR = 
(5.01732,-0) 
(-5.43851,-0) 
(1.65906,-0) 
(8.37546,-0) 
(-7.3913,-0) 
(5.39591,-0) 
(-4.22651,-0) 
(2.95124,-0) 
(11.2299,-0) 
(3.54979,-0) 
(3.50017,-0) 
(4.47949,-0) 
(-0.321984,-0) 
(-14.9944,-0) 
(-1.37156,-0) 
(8.14298,-0) 
(-5.75923,-0) 
(-1.92724,-0) 
(9.55317,-0) 
(0.762697,-0) 


ITERATION #7
ONE REAL ROOT (|a1| > |a2|)

NORM = 29.0226

EVALUE  = (3.6154,0)

EVECTOR = 
(-3.00025,-0) 
(3.56353,-0) 
(-0.879431,-0) 
(-9.30688,-0) 
(6.93187,-0) 
(-5.16561,-0) 
(1.56856,-0) 
(-1.09082,-0) 
(-8.04519,-0) 
(-3.34277,-0) 
(-5.16591,-0) 
(-3.04909,-0) 
(-0.119214,-0) 
(13.7489,-0) 
(-0.221726,-0) 
(-8.4546,-0) 
(2.69018,-0) 
(-0.0448753,-0) 
(-8.83284,-0) 
(-1.85399,-0) 


ITERATION #8
ONE REAL ROOT (|a1| > |a2|)

NORM = 28.5372

EVALUE  = (3.96368,0)

EVECTOR = 
(5.5478,-0) 
(-3.677,-0) 
(0.746893,-0) 
(9.45355,-0) 
(-6.87823,-0) 
(6.79901,-0) 
(-2.32571,-0) 
(2.0502,-0) 
(10.9749,-0) 
(2.33088,-0) 
(4.52355,-0) 
(3.74339,-0) 
(-0.506626,-0) 
(-14.5414,-0) 
(0.788816,-0) 
(10.4471,-0) 
(-3.43092,-0) 
(-0.358706,-0) 
(10.4206,-0) 
(1.49123,-0) 


ITERATION #9
ONE REAL ROOT (|a1| > |a2|)

NORM = 27.9461

EVALUE  = (3.83212,0)

EVECTOR = 
(-4.92885,-0) 
(4.91895,-0) 
(-1.1979,-0) 
(-9.27737,-0) 
(7.61934,-0) 
(-6.05846,-0) 
(2.73901,-0) 
(-1.81694,-0) 
(-10.1805,-0) 
(-2.62473,-0) 
(-3.98813,-0) 
(-4.69284,-0) 
(0.493248,-0) 
(15.3193,-0) 
(-0.33977,-0) 
(-9.98333,-0) 
(3.80324,-0) 
(0.758307,-0) 
(-10.5444,-0) 
(-1.96935,-0) 


ITERATION #10
ONE REAL ROOT (|a1| > |a2|)

NORM = 25.5744

EVALUE  = (3.81214,0)

EVECTOR = 
(3.93321,-0) 
(-4.41253,-0) 
(1.11718,-0) 
(9.3901,-0) 
(-7.30974,-0) 
(6.15316,-0) 
(-2.17703,-0) 
(1.25609,-0) 
(9.65521,-0) 
(2.32807,-0) 
(4.32273,-0) 
(4.05696,-0) 
(-0.560338,-0) 
(-14.1022,-0) 
(0.538067,-0) 
(9.54411,-0) 
(-2.94041,-0) 
(-0.0708313,-0) 
(10.1204,-0) 
(2.41636,-0) 


ITERATION #11
ONE REAL ROOT (|a1| > |a2|)

NORM = 24.7268

EVALUE  = (3.89529,0)

EVECTOR = 
(-4.78511,-0) 
(4.91385,-0) 
(-1.45709,-0) 
(-9.47556,-0) 
(7.19713,-0) 
(-6.76377,-0) 
(2.89239,-0) 
(-1.81133,-0) 
(-10.6734,-0) 
(-1.88898,-0) 
(-4.18424,-0) 
(-4.77112,-0) 
(1.00918,-0) 
(15.185,-0) 
(-0.752291,-0) 
(-10.2666,-0) 
(3.08487,-0) 
(-0.00794035,-0) 
(-10.6331,-0) 
(-2.16608,-0) 


ITERATION #12
ONE REAL ROOT (|a1| > |a2|)

NORM = 22.7403

EVALUE  = (3.83296,0)

EVECTOR = 
(4.21799,-0) 
(-5.01859,-0) 
(1.44191,-0) 
(9.10082,-0) 
(-7.09731,-0) 
(6.36792,-0) 
(-2.84899,-0) 
(1.29363,-0) 
(10.0274,-0) 
(1.83214,-0) 
(3.8724,-0) 
(4.98948,-0) 
(-1.13879,-0) 
(-14.5689,-0) 
(0.592355,-0) 
(10.0315,-0) 
(-2.82944,-0) 
(0.096595,-0) 
(10.291,-0) 
(2.48695,-0) 


ITERATION #13
ONE REAL ROOT (|a1| > |a2|)

NORM = 21.2473

EVALUE  = (3.84961,0)

EVECTOR = 
(-4.03783,-0) 
(5.11562,-0) 
(-1.62645,-0) 
(-9.26495,-0) 
(7.10022,-0) 
(-6.64763,-0) 
(2.95894,-0) 
(-1.20353,-0) 
(-10.2977,-0) 
(-1.63656,-0) 
(-3.95772,-0) 
(-5.09061,-0) 
(1.38706,-0) 
(14.54,-0) 
(-0.565895,-0) 
(-10.2074,-0) 
(2.55345,-0) 
(-0.447931,-0) 
(-10.4033,-0) 
(-2.69095,-0) 


ITERATION #14
ONE REAL ROOT (|a1| > |a2|)

NORM = 19.8431

EVALUE  = (3.86402,0)

EVECTOR = 
(4.15108,-0) 
(-5.39591,-0) 
(1.82573,-0) 
(9.25968,-0) 
(-6.97771,-0) 
(6.86353,-0) 
(-3.36642,-0) 
(1.31283,-0) 
(10.596,-0) 
(1.41432,-0) 
(3.90193,-0) 
(5.50787,-0) 
(-1.67369,-0) 
(-14.9024,-0) 
(0.588624,-0) 
(10.4514,-0) 
(-2.46624,-0) 
(0.666321,-0) 
(10.4915,-0) 
(2.68586,-0) 


ITERATION #15
ONE REAL ROOT (|a1| > |a2|)

NORM = 18.4235

EVALUE  = (3.84428,0)

EVECTOR = 
(-3.86746,-0) 
(5.46459,-0) 
(-1.88703,-0) 
(-9.08488,-0) 
(6.85052,-0) 
(-6.7836,-0) 
(3.42501,-0) 
(-1.0403,-0) 
(-10.4388,-0) 
(-1.30894,-0) 
(-3.77678,-0) 
(-5.67597,-0) 
(1.87322,-0) 
(14.6212,-0) 
(-0.510996,-0) 
(-10.4645,-0) 
(2.23634,-0) 
(-0.830039,-0) 
(-10.3317,-0) 
(-2.83912,-0) 


ITERATION #16
ONE REAL ROOT (|a1| > |a2|)

NORM = 16.9439

EVALUE  = (3.8543,0)

EVECTOR = 
(3.81116,-0) 
(-5.60042,-0) 
(2.04278,-0) 
(9.13935,-0) 
(-6.80792,-0) 
(6.97448,-0) 
(-3.63637,-0) 
(0.997375,-0) 
(10.6502,-0) 
(1.1484,-0) 
(3.77319,-0) 
(5.89987,-0) 
(-2.10455,-0) 
(-14.6734,-0) 
(0.457698,-0) 
(10.6541,-0) 
(-2.06831,-0) 
(1.0923,-0) 
(10.3985,-0) 
(2.96483,-0) 


ITERATION #17
ONE REAL ROOT (|a1| > |a2|)

NORM = 15.6509

EVALUE  = (3.85428,0)

EVECTOR = 
(-3.73429,-0) 
(5.77659,-0) 
(-2.17951,-0) 
(-9.10994,-0) 
(6.72316,-0) 
(-7.07391,-0) 
(3.87714,-0) 
(-0.956861,-0) 
(-10.7826,-0) 
(-1.01773,-0) 
(-3.73336,-0) 
(-6.16305,-0) 
(2.32631,-0) 
(14.7839,-0) 
(-0.419724,-0) 
(-10.7915,-0) 
(1.93237,-0) 
(-1.29176,-0) 
(-10.3987,-0) 
(-3.02182,-0) 


ITERATION #18
ONE REAL ROOT (|a1| > |a2|)

NORM = 14.4114

EVALUE  = (3.8502,0)

EVECTOR = 
(3.60054,-0) 
(-5.85799,-0) 
(2.27168,-0) 
(9.04316,-0) 
(-6.62186,-0) 
(7.11578,-0) 
(-4.00564,-0) 
(0.828712,-0) 
(10.8019,-0) 
(0.907749,-0) 
(3.68372,-0) 
(6.33551,-0) 
(-2.51444,-0) 
(-14.6945,-0) 
(0.36825,-0) 
(10.8783,-0) 
(-1.76621,-0) 
(1.46977,-0) 
(10.3368,-0) 
(3.11681,-0) 


ITERATION #19
ONE REAL ROOT (|a1| > |a2|)

NORM = 13.2015

EVALUE  = (3.85328,0)

EVECTOR = 
(-3.5361,-0) 
(5.97495,-0) 
(-2.38688,-0) 
(-9.04147,-0) 
(6.566,-0) 
(-7.22656,-0) 
(4.18664,-0) 
(-0.774411,-0) 
(-10.9342,-0) 
(-0.791415,-0) 
(-3.65683,-0) 
(-6.53584,-0) 
(2.70535,-0) 
(14.7275,-0) 
(-0.316722,-0) 
(-11.0204,-0) 
(1.6312,-0) 
(-1.66655,-0) 
(-10.3544,-0) 
(-3.20034,-0) 


ITERATION #20
ONE REAL ROOT (|a1| > |a2|)

NORM = 12.1134

EVALUE  = (3.85251,0)

EVECTOR = 
(3.45108,-0) 
(-6.092,-0) 
(2.49116,-0) 
(9.01701,-0) 
(-6.49669,-0) 
(7.2995,-0) 
(-4.35589,-0) 
(0.713943,-0) 
(11.0211,-0) 
(0.694188,-0) 
(3.63026,-0) 
(6.7245,-0) 
(-2.88046,-0) 
(-14.7597,-0) 
(0.272825,-0) 
(11.1242,-0) 
(-1.50875,-0) 
(1.83387,-0) 
(10.3402,-0) 
(3.26383,-0) 


ITERATION #21
ONE REAL ROOT (|a1| > |a2|)

NORM = 11.0942

EVALUE  = (3.85183,0)

EVECTOR = 
(-3.36839,-0) 
(6.17308,-0) 
(-2.57714,-0) 
(-8.98532,-0) 
(6.42484,-0) 
(-7.36044,-0) 
(4.48764,-0) 
(-0.639547,-0) 
(-11.0826,-0) 
(-0.602973,-0) 
(-3.60128,-0) 
(-6.87927,-0) 
(3.03817,-0) 
(14.7396,-0) 
(-0.230551,-0) 
(-11.2183,-0) 
(1.38359,-0) 
(-1.98973,-0) 
(-10.3152,-0) 
(-3.33105,-0) 


ITERATION #22
ONE REAL ROOT (|a1| > |a2|)

NORM = 10.1389

EVALUE  = (3.85266,0)

EVECTOR = 
(3.30627,-0) 
(-6.26459,-0) 
(2.66531,-0) 
(8.97098,-0) 
(-6.37088,-0) 
(7.43373,-0) 
(-4.62977,-0) 
(0.587954,-0) 
(11.1702,-0) 
(0.516587,-0) 
(3.5779,-0) 
(7.03779,-0) 
(-3.18907,-0) 
(-14.7569,-0) 
(0.188447,-0) 
(11.3212,-0) 
(-1.2762,-0) 
(2.14,-0) 
(10.313,-0) 
(3.39198,-0) 


ITERATION #23
ONE REAL ROOT (|a1| > |a2|)

NORM = 9.26701

EVALUE  = (3.85226,0)

EVECTOR = 
(-3.2386,-0) 
(6.34803,-0) 
(-2.7452,-0) 
(-8.95154,-0) 
(6.31567,-0) 
(-7.4916,-0) 
(4.75704,-0) 
(-0.534907,-0) 
(-11.2371,-0) 
(-0.440802,-0) 
(-3.55718,-0) 
(-7.18049,-0) 
(3.32623,-0) 
(14.7674,-0) 
(-0.150647,-0) 
(-11.4055,-0) 
(1.17591,-0) 
(-2.27476,-0) 
(-10.3,-0) 
(-3.44559,-0) 


ITERATION #24
ONE REAL ROOT (|a1| > |a2|)

NORM = 8.46069

EVALUE  = (3.85224,0)

EVECTOR = 
(3.17885,-0) 
(-6.41823,-0) 
(2.81637,-0) 
(8.93261,-0) 
(-6.26303,-0) 
(7.54593,-0) 
(-4.86977,-0) 
(0.483986,-0) 
(11.2979,-0) 
(0.369602,-0) 
(3.53737,-0) 
(7.30796,-0) 
(-3.45201,-0) 
(-14.7676,-0) 
(0.116031,-0) 
(11.4854,-0) 
(-1.0812,-0) 
(2.39997,-0) 
(10.2873,-0) 
(3.49612,-0) 


ITERATION #25
ONE REAL ROOT (|a1| > |a2|)

NORM = 7.71769

EVALUE  = (3.85242,0)

EVECTOR = 
(-3.12653,-0) 
(6.48775,-0) 
(-2.88399,-0) 
(-8.91797,-0) 
(6.21777,-0) 
(-7.59869,-0) 
(4.97871,-0) 
(-0.440776,-0) 
(-11.3602,-0) 
(-0.304303,-0) 
(-3.51934,-0) 
(-7.42965,-0) 
(3.56889,-0) 
(14.7768,-0) 
(-0.083027,-0) 
(-11.562,-0) 
(0.996681,-0) 
(-2.5157,-0) 
(-10.2801,-0) 
(-3.54217,-0) 


ITERATION #26
ONE REAL ROOT (|a1| > |a2|)

NORM = 7.03746

EVALUE  = (3.85228,0)

EVECTOR = 
(3.07531,-0) 
(-6.55024,-0) 
(2.94534,-0) 
(8.90315,-0) 
(-6.17482,-0) 
(7.64454,-0) 
(-5.07664,-0) 
(0.399164,-0) 
(11.4132,-0) 
(0.245478,-0) 
(3.50337,-0) 
(7.53929,-0) 
(-3.67524,-0) 
(-14.7821,-0) 
(0.0529419,-0) 
(11.6292,-0) 
(-0.918282,-0) 
(2.62123,-0) 
(10.2703,-0) 
(3.58422,-0) 


ITERATION #27
ONE REAL ROOT (|a1| > |a2|)

NORM = 6.41293

EVALUE  = (3.85232,0)

EVECTOR = 
(-3.02991,-0) 
(6.60648,-0) 
(-3.00136,-0) 
(-8.88977,-0) 
(6.13518,-0) 
(-7.68765,-0) 
(5.16624,-0) 
(-0.361377,-0) 
(-11.4629,-0) 
(-0.190968,-0) 
(-3.48868,-0) 
(-7.6395,-0) 
(3.77293,-0) 
(14.7863,-0) 
(-0.0255113,-0) 
(-11.6922,-0) 
(0.846147,-0) 
(-2.71846,-0) 
(-10.262,-0) 
(-3.6227,-0) 


ITERATION #28
ONE REAL ROOT (|a1| > |a2|)

NORM = 5.84118

EVALUE  = (3.85234,0)

EVECTOR = 
(2.98855,-0) 
(-6.65909,-0) 
(3.053,-0) 
(8.87776,-0) 
(-6.09946,-0) 
(7.72719,-0) 
(-5.24931,-0) 
(0.327279,-0) 
(11.5093,-0) 
(0.141315,-0) 
(3.47512,-0) 
(7.73223,-0) 
(-3.86253,-0) 
(-14.7919,-0) 
(4.73193e-05,-0) 
(11.7502,-0) 
(-0.780734,-0) 
(2.80735,-0) 
(10.2549,-0) 
(3.65781,-0) 


ITERATION #29
ONE REAL ROOT (|a1| > |a2|)

NORM = 5.31849

EVALUE  = (3.8523,0)

EVECTOR = 
(-2.94993,-0) 
(6.70664,-0) 
(-3.10001,-0) 
(-8.86655,-0) 
(6.06652,-0) 
(-7.76284,-0) 
(5.32459,-0) 
(-0.295535,-0) 
(-11.5506,-0) 
(-0.0961674,-0) 
(-3.46293,-0) 
(-7.81631,-0) 
(3.94421,-0) 
(14.7958,-0) 
(0.0232282,-0) 
(-11.8025,-0) 
(0.720594,-0) 
(-2.88858,-0) 
(-10.2477,-0) 
(-3.68999,-0) 


ITERATION #30
ONE REAL ROOT (|a1| > |a2|)

NORM = 4.84043

EVALUE  = (3.85232,0)

EVECTOR = 
(2.91521,-0) 
(-6.75009,-0) 
(3.14305,-0) 
(8.85649,-0) 
(-6.0364,-0) 
(7.79588,-0) 
(-5.39365,-0) 
(0.266862,-0) 
(11.5891,-0) 
(0.054724,-0) 
(3.45182,-0) 
(7.89332,-0) 
(-4.01899,-0) 
(-14.7998,-0) 
(-0.0444528,-0) 
(11.8509,-0) 
(-0.665681,-0) 
(2.963,-0) 
(10.2414,-0) 
(3.71929,-0) 


ITERATION #31
ONE REAL ROOT (|a1| > |a2|)

NORM = 4.40416

EVALUE  = (3.85232,0)

EVECTOR = 
(-2.88341,-0) 
(6.78993,-0) 
(-3.18234,-0) 
(-8.84722,-0) 
(6.00896,-0) 
(-7.82586,-0) 
(5.45681,-0) 
(-0.240651,-0) 
(-11.6242,-0) 
(-0.017014,-0) 
(-3.44162,-0) 
(-7.96376,-0) 
(4.08725,-0) 
(14.8036,-0) 
(0.0639211,-0) 
(-11.8949,-0) 
(0.615662,-0) 
(-3.03083,-0) 
(-10.2357,-0) 
(-3.74601,-0) 


ITERATION #32
ONE REAL ROOT (|a1| > |a2|)

NORM = 4.00603

EVALUE  = (3.85231,0)

EVECTOR = 
(2.85424,-0) 
(-6.82611,-0) 
(3.21815,-0) 
(8.83876,-0) 
(-5.98388,-0) 
(7.85316,-0) 
(-5.51426,-0) 
(0.216615,-0) 
(11.656,-0) 
(-0.0173497,-0) 
(3.43238,-0) 
(8.02784,-0) 
(-4.14947,-0) 
(-14.8067,-0) 
(-0.0816949,-0) 
(11.935,-0) 
(-0.569932,-0) 
(3.09275,-0) 
(10.2303,-0) 
(3.77043,-0) 


ITERATION #33
ONE REAL ROOT (|a1| > |a2|)

NORM = 3.64282

EVALUE  = (3.85232,0)

EVECTOR = 
(-2.82782,-0) 
(6.85917,-0) 
(-3.25086,-0) 
(-8.83111,-0) 
(5.96102,-0) 
(-7.8782,-0) 
(5.56681,-0) 
(-0.194829,-0) 
(-11.6852,-0) 
(0.0487302,-0) 
(-3.42397,-0) 
(-8.08638,-0) 
(4.20626,-0) 
(14.8098,-0) 
(0.0978964,-0) 
(-11.9717,-0) 
(0.528269,-0) 
(-3.14927,-0) 
(-10.2255,-0) 
(-3.79265,-0) 


ITERATION #34
ONE REAL ROOT (|a1| > |a2|)

NORM = 3.31191

EVALUE  = (3.85232,0)

EVECTOR = 
(2.80366,-0) 
(-6.8893,-0) 
(3.28064,-0) 
(8.82408,-0) 
(-5.94017,-0) 
(7.90092,-0) 
(-5.61466,-0) 
(0.174922,-0) 
(11.7117,-0) 
(-0.0772827,-0) 
(3.41628,-0) 
(8.13972,-0) 
(-4.258,-0) 
(-14.8126,-0) 
(-0.112682,-0) 
(12.0051,-0) 
(-0.490312,-0) 
(3.20073,-0) 
(10.2211,-0) 
(3.81289,-0) 


ITERATION #35
ONE REAL ROOT (|a1| > |a2|)

NORM = 3.01039

EVALUE  = (3.85232,0)

EVECTOR = 
(-2.78165,-0) 
(6.91671,-0) 
(-3.30777,-0) 
(-8.81769,-0) 
(5.92119,-0) 
(-7.92164,-0) 
(5.65823,-0) 
(-0.156772,-0) 
(-11.7359,-0) 
(0.103291,-0) 
(-3.4093,-0) 
(-8.18827,-0) 
(4.30513,-0) 
(14.8151,-0) 
(0.126158,-0) 
(-12.0356,-0) 
(0.455711,-0) 
(-3.24764,-0) 
(-10.2171,-0) 
(-3.83135,-0) 


ITERATION #36
ONE REAL ROOT (|a1| > |a2|)

NORM = 2.73578

EVALUE  = (3.85232,0)

EVECTOR = 
(2.76164,-0) 
(-6.9417,-0) 
(3.33249,-0) 
(8.8119,-0) 
(-5.9039,-0) 
(7.94054,-0) 
(-5.69796,-0) 
(0.140283,-0) 
(11.758,-0) 
(-0.126981,-0) 
(3.40296,-0) 
(8.23252,-0) 
(-4.34806,-0) 
(-14.8174,-0) 
(-0.138431,-0) 
(12.0633,-0) 
(-0.42422,-0) 
(3.29037,-0) 
(10.2134,-0) 
(3.84813,-0) 


ITERATION #37
ONE REAL ROOT (|a1| > |a2|)

NORM = 2.48585

EVALUE  = (3.85232,0)

EVECTOR = 
(-2.7434,-0) 
(6.96443,-0) 
(-3.35498,-0) 
(-8.8066,-0) 
(5.88815,-0) 
(-7.95771,-0) 
(5.7341,-0) 
(-0.125251,-0) 
(-11.7781,-0) 
(0.148531,-0) 
(-3.39717,-0) 
(-8.27279,-0) 
(4.38713,-0) 
(14.8195,-0) 
(0.149606,-0) 
(-12.0885,-0) 
(0.395553,-0) 
(-3.32924,-0) 
(-10.2101,-0) 
(-3.86341,-0) 


ITERATION #38
ONE REAL ROOT (|a1| > |a2|)

NORM = 2.25839

EVALUE  = (3.85232,0)

EVECTOR = 
(2.72681,-0) 
(-6.98511,-0) 
(3.37545,-0) 
(8.80179,-0) 
(-5.87383,-0) 
(7.97335,-0) 
(-5.76699,-0) 
(0.111574,-0) 
(11.7963,-0) 
(-0.168142,-0) 
(3.39191,-0) 
(8.30942,-0) 
(-4.42268,-0) 
(-14.8214,-0) 
(-0.159779,-0) 
(12.1115,-0) 
(-0.369462,-0) 
(3.36463,-0) 
(10.207,-0) 
(3.87732,-0) 


ITERATION #39
ONE REAL ROOT (|a1| > |a2|)

NORM = 2.05146

EVALUE  = (3.85232,0)

EVECTOR = 
(-2.71172,-0) 
(7.00393,-0) 
(-3.39407,-0) 
(-8.79741,-0) 
(5.8608,-0) 
(-7.98758,-0) 
(5.79692,-0) 
(-0.0991414,-0) 
(-11.8129,-0) 
(0.185982,-0) 
(-3.38713,-0) 
(-8.34276,-0) 
(4.45503,-0) 
(14.8232,-0) 
(0.169034,-0) 
(-12.1324,-0) 
(0.345733,-0) 
(-3.39682,-0) 
(-10.2043,-0) 
(-3.88997,-0) 


ITERATION #40
ONE REAL ROOT (|a1| > |a2|)

NORM = 1.86328

EVALUE  = (3.85232,0)

EVECTOR = 
(2.698,-0) 
(-7.02105,-0) 
(3.411,-0) 
(8.79343,-0) 
(-5.84895,-0) 
(8.00051,-0) 
(-5.82413,-0) 
(0.0878269,-0) 
(11.8281,-0) 
(-0.202203,-0) 
(3.38278,-0) 
(8.37307,-0) 
(-4.48444,-0) 
(-14.8247,-0) 
(-0.177452,-0) 
(12.1514,-0) 
(-0.32415,-0) 
(3.4261,-0) 
(10.2018,-0) 
(3.90147,-0) 


ITERATION #41
ONE REAL ROOT (|a1| > |a2|)

NORM = 1.69216

EVALUE  = (3.85232,0)

EVECTOR = 
(-2.68552,-0) 
(7.0366,-0) 
(-3.4264,-0) 
(-8.78981,-0) 
(5.83817,-0) 
(-8.01228,-0) 
(5.84888,-0) 
(-0.0775414,-0) 
(-11.8418,-0) 
(0.216953,-0) 
(-3.37883,-0) 
(-8.40064,-0) 
(4.51119,-0) 
(14.8262,-0) 
(0.185107,-0) 
(-12.1687,-0) 
(0.304525,-0) 
(-3.45272,-0) 
(-10.1995,-0) 
(-3.91193,-0) 


ITERATION #42
ONE REAL ROOT (|a1| > |a2|)

NORM = 1.5366

EVALUE  = (3.85232,0)

EVECTOR = 
(2.67417,-0) 
(-7.05075,-0) 
(3.4404,-0) 
(8.78652,-0) 
(-5.82837,-0) 
(8.02297,-0) 
(-5.87138,-0) 
(0.0681927,-0) 
(11.8543,-0) 
(-0.23036,-0) 
(3.37524,-0) 
(8.4257,-0) 
(-4.5355,-0) 
(-14.8275,-0) 
(-0.192066,-0) 
(12.1844,-0) 
(-0.286687,-0) 
(3.47692,-0) 
(10.1974,-0) 
(3.92144,-0) 


ITERATION #43
ONE REAL ROOT (|a1| > |a2|)

NORM = 1.39522

EVALUE  = (3.85232,0)

EVECTOR = 
(-2.66386,-0) 
(7.06361,-0) 
(-3.45312,-0) 
(-8.78353,-0) 
(5.81947,-0) 
(-8.03269,-0) 
(5.89182,-0) 
(-0.0596941,-0) 
(-11.8657,-0) 
(0.242545,-0) 
(-3.37197,-0) 
(-8.44847,-0) 
(4.5576,-0) 
(14.8286,-0) 
(0.198391,-0) 
(-12.1987,-0) 
(0.270473,-0) 
(-3.49892,-0) 
(-10.1955,-0) 
(-3.93008,-0) 


ITERATION #44
ONE REAL ROOT (|a1| > |a2|)

NORM = 1.26674

EVALUE  = (3.85232,0)

EVECTOR = 
(2.6545,-0) 
(-7.07529,-0) 
(3.46468,-0) 
(8.78081,-0) 
(-5.81138,-0) 
(8.04152,-0) 
(-5.91041,-0) 
(0.0519722,-0) 
(11.876,-0) 
(-0.253618,-0) 
(3.369,-0) 
(8.46916,-0) 
(-4.57768,-0) 
(-14.8297,-0) 
(-0.20414,-0) 
(12.2116,-0) 
(-0.25574,-0) 
(3.5189,-0) 
(10.1938,-0) 
(3.93793,-0) 


ITERATION #45
ONE REAL ROOT (|a1| > |a2|)

NORM = 1.15001

EVALUE  = (3.85232,0)

EVECTOR = 
(-2.64598,-0) 
(7.0859,-0) 
(-3.47519,-0) 
(-8.77834,-0) 
(5.80403,-0) 
(-8.04955,-0) 
(5.92729,-0) 
(-0.0449563,-0) 
(-11.8854,-0) 
(0.263678,-0) 
(-3.36631,-0) 
(-8.48797,-0) 
(4.59592,-0) 
(14.8307,-0) 
(0.209363,-0) 
(-12.2234,-0) 
(0.242353,-0) 
(-3.53706,-0) 
(-10.1922,-0) 
(-3.94506,-0) 


ITERATION #46
ONE REAL ROOT (|a1| > |a2|)

NORM = 1.04397

EVALUE  = (3.85232,0)

EVECTOR = 
(2.63825,-0) 
(-7.09555,-0) 
(3.48473,-0) 
(8.7761,-0) 
(-5.79735,-0) 
(8.05684,-0) 
(-5.94263,-0) 
(0.0385824,-0) 
(11.8939,-0) 
(-0.272817,-0) 
(3.36386,-0) 
(8.50505,-0) 
(-4.6125,-0) 
(-14.8316,-0) 
(-0.214108,-0) 
(12.2341,-0) 
(-0.230192,-0) 
(3.55356,-0) 
(10.1908,-0) 
(3.95154,-0) 


ITERATION #47
ONE REAL ROOT (|a1| > |a2|)

NORM = 0.947642

EVALUE  = (3.85232,0)

EVECTOR = 
(-2.63123,-0) 
(7.10431,-0) 
(-3.4934,-0) 
(-8.77406,-0) 
(5.79128,-0) 
(-8.06346,-0) 
(5.95656,-0) 
(-0.0327931,-0) 
(-11.9016,-0) 
(0.281118,-0) 
(-3.36163,-0) 
(-8.52056,-0) 
(4.62755,-0) 
(14.8324,-0) 
(0.218418,-0) 
(-12.2439,-0) 
(0.219146,-0) 
(-3.56855,-0) 
(-10.1895,-0) 
(-3.95743,-0) 


ITERATION #48
ONE REAL ROOT (|a1| > |a2|)

NORM = 0.860158

EVALUE  = (3.85232,0)

EVECTOR = 
(2.62485,-0) 
(-7.11226,-0) 
(3.50127,-0) 
(8.77221,-0) 
(-5.78577,-0) 
(8.06947,-0) 
(-5.96921,-0) 
(0.027535,-0) 
(11.9086,-0) 
(-0.288657,-0) 
(3.35961,-0) 
(8.53466,-0) 
(-4.64123,-0) 
(-14.8331,-0) 
(-0.222333,-0) 
(12.2527,-0) 
(-0.209114,-0) 
(3.58216,-0) 
(10.1884,-0) 
(3.96277,-0) 


ITERATION #49
ONE REAL ROOT (|a1| > |a2|)

NORM = 0.780711

EVALUE  = (3.85232,0)

EVECTOR = 
(-2.61905,-0) 
(7.11948,-0) 
(-3.50842,-0) 
(-8.77053,-0) 
(5.78077,-0) 
(-8.07493,-0) 
(5.9807,-0) 
(-0.02276,-0) 
(-11.915,-0) 
(0.295504,-0) 
(-3.35778,-0) 
(-8.54745,-0) 
(4.65364,-0) 
(14.8338,-0) 
(0.225888,-0) 
(-12.2607,-0) 
(0.200004,-0) 
(-3.59452,-0) 
(-10.1873,-0) 
(-3.96763,-0) 


ITERATION #50
ONE REAL ROOT (|a1| > |a2|)

NORM = 0.70857

EVALUE  = (3.85232,0)

EVECTOR = 
(2.61379,-0) 
(-7.12604,-0) 
(3.51491,-0) 
(8.76901,-0) 
(-5.77622,-0) 
(8.07989,-0) 
(-5.99113,-0) 
(0.0184242,-0) 
(11.9208,-0) 
(-0.30172,-0) 
(3.35611,-0) 
(8.55907,-0) 
(-4.66492,-0) 
(-14.8344,-0) 
(-0.229116,-0) 
(12.268,-0) 
(-0.191731,-0) 
(3.60574,-0) 
(10.1863,-0) 
(3.97204,-0) 


ITERATION #51
ONE REAL ROOT (|a1| > |a2|)

NORM = 0.643068

EVALUE  = (3.85232,0)

EVECTOR = 
(-2.60902,-0) 
(7.132,-0) 
(-3.52081,-0) 
(-8.76762,-0) 
(5.7721,-0) 
(-8.0844,-0) 
(6.00061,-0) 
(-0.0144874,-0) 
(-11.9261,-0) 
(0.307365,-0) 
(-3.3546,-0) 
(-8.56962,-0) 
(4.67516,-0) 
(14.835,-0) 
(0.232047,-0) 
(-12.2746,-0) 
(0.18422,-0) 
(-3.61593,-0) 
(-10.1855,-0) 
(-3.97604,-0) 


ITERATION #52
ONE REAL ROOT (|a1| > |a2|)

NORM = 0.5836

EVALUE  = (3.85232,0)

EVECTOR = 
(2.60468,-0) 
(-7.13741,-0) 
(3.52616,-0) 
(8.76637,-0) 
(-5.76835,-0) 
(8.08848,-0) 
(-6.00921,-0) 
(0.0109132,-0) 
(11.9309,-0) 
(-0.31249,-0) 
(3.35323,-0) 
(8.5792,-0) 
(-4.68445,-0) 
(-14.8355,-0) 
(-0.234708,-0) 
(12.2806,-0) 
(-0.1774,-0) 
(3.62518,-0) 
(10.1847,-0) 
(3.97967,-0) 


ITERATION #53
ONE REAL ROOT (|a1| > |a2|)

NORM = 0.529614

EVALUE  = (3.85232,0)

EVECTOR = 
(-2.60074,-0) 
(7.14232,-0) 
(-3.53101,-0) 
(-8.76522,-0) 
(5.76495,-0) 
(-8.0922,-0) 
(6.01702,-0) 
(-0.00766848,-0) 
(-11.9352,-0) 
(0.317142,-0) 
(-3.35198,-0) 
(-8.5879,-0) 
(4.69289,-0) 
(14.8359,-0) 
(0.237124,-0) 
(-12.2861,-0) 
(0.171209,-0) 
(-3.63358,-0) 
(-10.1839,-0) 
(-3.98297,-0) 


ITERATION #54
ONE REAL ROOT (|a1| > |a2|)

NORM = 0.480606

EVALUE  = (3.85232,0)

EVECTOR = 
(2.59717,-0) 
(-7.14677,-0) 
(3.53542,-0) 
(8.76419,-0) 
(-5.76187,-0) 
(8.09556,-0) 
(-6.0241,-0) 
(0.00472302,-0) 
(11.9391,-0) 
(-0.321365,-0) 
(3.35085,-0) 
(8.59579,-0) 
(-4.70055,-0) 
(-14.8363,-0) 
(-0.239317,-0) 
(12.291,-0) 
(-0.165589,-0) 
(3.64121,-0) 
(10.1833,-0) 
(3.98596,-0) 


ITERATION #55
ONE REAL ROOT (|a1| > |a2|)

NORM = 0.436122

EVALUE  = (3.85232,0)

EVECTOR = 
(-2.59392,-0) 
(7.15082,-0) 
(-3.53943,-0) 
(-8.76325,-0) 
(5.75906,-0) 
(-8.09862,-0) 
(6.03054,-0) 
(-0.0020494,-0) 
(-11.9427,-0) 
(0.325199,-0) 
(-3.34982,-0) 
(-8.60296,-0) 
(4.7075,-0) 
(14.8367,-0) 
(0.241307,-0) 
(-12.2955,-0) 
(0.160488,-0) 
(-3.64813,-0) 
(-10.1827,-0) 
(-3.98868,-0) 


ITERATION #56
ONE REAL ROOT (|a1| > |a2|)

NORM = 0.395745

EVALUE  = (3.85232,0)

EVECTOR = 
(2.59098,-0) 
(-7.15449,-0) 
(3.54306,-0) 
(8.76239,-0) 
(-5.75652,-0) 
(8.1014,-0) 
(-6.03638,-0) 
(-0.000377356,-0) 
(11.9459,-0) 
(-0.328678,-0) 
(3.34889,-0) 
(8.60946,-0) 
(-4.71381,-0) 
(-14.837,-0) 
(-0.243114,-0) 
(12.2996,-0) 
(-0.155858,-0) 
(3.65441,-0) 
(10.1822,-0) 
(3.99115,-0) 


ITERATION #57
ONE REAL ROOT (|a1| > |a2|)

NORM = 0.359098

EVALUE  = (3.85232,0)

EVECTOR = 
(-2.58831,-0) 
(7.15782,-0) 
(-3.54636,-0) 
(-8.76162,-0) 
(5.75421,-0) 
(-8.10392,-0) 
(6.04168,-0) 
(0.00257993,-0) 
(-11.9489,-0) 
(0.331836,-0) 
(-3.34805,-0) 
(-8.61537,-0) 
(4.71954,-0) 
(14.8373,-0) 
(0.244754,-0) 
(-12.3033,-0) 
(0.151656,-0) 
(-3.66011,-0) 
(-10.1817,-0) 
(-3.99339,-0) 


ITERATION #58
ONE REAL ROOT (|a1| > |a2|)

NORM = 0.325837

EVALUE  = (3.85232,0)

EVECTOR = 
(2.58588,-0) 
(-7.16084,-0) 
(3.54935,-0) 
(8.76091,-0) 
(-5.75212,-0) 
(8.1062,-0) 
(-6.04649,-0) 
(-0.00457895,-0) 
(11.9516,-0) 
(-0.334702,-0) 
(3.34728,-0) 
(8.62072,-0) 
(-4.72474,-0) 
(-14.8376,-0) 
(-0.246242,-0) 
(12.3067,-0) 
(-0.147842,-0) 
(3.66529,-0) 
(10.1812,-0) 
(3.99542,-0) 


ITERATION #59
ONE REAL ROOT (|a1| > |a2|)

NORM = 0.295652

EVALUE  = (3.85232,0)

EVECTOR = 
(-2.58368,-0) 
(7.16359,-0) 
(-3.55207,-0) 
(-8.76028,-0) 
(5.75022,-0) 
(-8.10828,-0) 
(6.05085,-0) 
(0.00639314,-0) 
(-11.954,-0) 
(0.337303,-0) 
(-3.34658,-0) 
(-8.62559,-0) 
(4.72946,-0) 
(14.8379,-0) 
(0.247593,-0) 
(-12.3097,-0) 
(0.14438,-0) 
(-3.66998,-0) 
(-10.1808,-0) 
(-3.99727,-0) 


ITERATION #60
ONE REAL ROOT (|a1| > |a2|)

NORM = 0.268259

EVALUE  = (3.85232,0)

EVECTOR = 
(2.58168,-0) 
(-7.16608,-0) 
(3.55453,-0) 
(8.7597,-0) 
(-5.74849,-0) 
(8.11016,-0) 
(-6.05482,-0) 
(-0.00803955,-0) 
(11.9562,-0) 
(-0.339664,-0) 
(3.34595,-0) 
(8.63,-0) 
(-4.73374,-0) 
(-14.8381,-0) 
(-0.248819,-0) 
(12.3125,-0) 
(-0.141239,-0) 
(3.67424,-0) 
(10.1804,-0) 
(3.99894,-0) 


ITERATION #61
ONE REAL ROOT (|a1| > |a2|)

NORM = 0.243399

EVALUE  = (3.85232,0)

EVECTOR = 
(-2.57987,-0) 
(7.16834,-0) 
(-3.55677,-0) 
(-8.75917,-0) 
(5.74693,-0) 
(-8.11187,-0) 
(6.05841,-0) 
(0.00953364,-0) 
(-11.9582,-0) 
(0.341806,-0) 
(-3.34537,-0) 
(-8.634,-0) 
(4.73762,-0) 
(14.8383,-0) 
(0.249931,-0) 
(-12.315,-0) 
(0.138388,-0) 
(-3.67811,-0) 
(-10.1801,-0) 
(-4.00046,-0) 


ITERATION #62
ONE REAL ROOT (|a1| > |a2|)

NORM = 0.220841

EVALUE  = (3.85232,0)

EVECTOR = 
(2.57823,-0) 
(-7.17039,-0) 
(3.5588,-0) 
(8.75869,-0) 
(-5.74551,-0) 
(8.11342,-0) 
(-6.06167,-0) 
(-0.0108895,-0) 
(11.96,-0) 
(-0.34375,-0) 
(3.34485,-0) 
(8.63764,-0) 
(-4.74115,-0) 
(-14.8385,-0) 
(-0.250941,-0) 
(12.3173,-0) 
(-0.135801,-0) 
(3.68162,-0) 
(10.1798,-0) 
(4.00184,-0) 


ITERATION #63
ONE REAL ROOT (|a1| > |a2|)

NORM = 0.200371

EVALUE  = (3.85232,0)

EVECTOR = 
(-2.57673,-0) 
(7.17225,-0) 
(-3.56064,-0) 
(-8.75826,-0) 
(5.74422,-0) 
(-8.11483,-0) 
(6.06464,-0) 
(0.0121198,-0) 
(-11.9616,-0) 
(0.345514,-0) 
(-3.34438,-0) 
(-8.64093,-0) 
(4.74435,-0) 
(14.8387,-0) 
(0.251857,-0) 
(-12.3193,-0) 
(0.133454,-0) 
(-3.6848,-0) 
(-10.1795,-0) 
(-4.00309,-0) 


ITERATION #64
ONE REAL ROOT (|a1| > |a2|)

NORM = 0.181796

EVALUE  = (3.85232,0)

EVECTOR = 
(2.57538,-0) 
(-7.17394,-0) 
(3.56231,-0) 
(8.75787,-0) 
(-5.74305,-0) 
(8.11611,-0) 
(-6.06732,-0) 
(-0.0132362,-0) 
(11.9631,-0) 
(-0.347115,-0) 
(3.34395,-0) 
(8.64393,-0) 
(-4.74725,-0) 
(-14.8388,-0) 
(-0.252688,-0) 
(12.3212,-0) 
(-0.131324,-0) 
(3.68769,-0) 
(10.1793,-0) 
(4.00422,-0) 


ITERATION #65
ONE REAL ROOT (|a1| > |a2|)

NORM = 0.164941

EVALUE  = (3.85232,0)

EVECTOR = 
(-2.57415,-0) 
(7.17547,-0) 
(-3.56383,-0) 
(-8.75751,-0) 
(5.74199,-0) 
(-8.11727,-0) 
(6.06976,-0) 
(0.0142492,-0) 
(-11.9645,-0) 
(0.348567,-0) 
(-3.34356,-0) 
(-8.64664,-0) 
(4.74989,-0) 
(14.839,-0) 
(0.253442,-0) 
(-12.3229,-0) 
(0.129391,-0) 
(-3.69032,-0) 
(-10.1791,-0) 
(-4.00525,-0) 


ITERATION #66
ONE REAL ROOT (|a1| > |a2|)

NORM = 0.149647

EVALUE  = (3.85232,0)

EVECTOR = 
(2.57303,-0) 
(-7.17686,-0) 
(3.56521,-0) 
(8.75719,-0) 
(-5.74102,-0) 
(8.11832,-0) 
(-6.07197,-0) 
(-0.0151684,-0) 
(11.9657,-0) 
(-0.349885,-0) 
(3.34321,-0) 
(8.6491,-0) 
(-4.75228,-0) 
(-14.8391,-0) 
(-0.254127,-0) 
(12.3245,-0) 
(-0.127637,-0) 
(3.6927,-0) 
(10.1789,-0) 
(4.00619,-0) 


ITERATION #67
ONE REAL ROOT (|a1| > |a2|)

NORM = 0.13577

EVALUE  = (3.85232,0)

EVECTOR = 
(-2.57202,-0) 
(7.17813,-0) 
(-3.56646,-0) 
(-8.75689,-0) 
(5.74015,-0) 
(-8.11927,-0) 
(6.07398,-0) 
(0.0160024,-0) 
(-11.9668,-0) 
(0.351081,-0) 
(-3.34289,-0) 
(-8.65134,-0) 
(4.75445,-0) 
(14.8392,-0) 
(0.254748,-0) 
(-12.3259,-0) 
(0.126046,-0) 
(-3.69486,-0) 
(-10.1787,-0) 
(-4.00703,-0) 


ITERATION #68
ONE REAL ROOT (|a1| > |a2|)

NORM = 0.12318

EVALUE  = (3.85232,0)

EVECTOR = 
(2.5711,-0) 
(-7.17927,-0) 
(3.56759,-0) 
(8.75663,-0) 
(-5.73936,-0) 
(8.12014,-0) 
(-6.0758,-0) 
(-0.0167591,-0) 
(11.9678,-0) 
(-0.352166,-0) 
(3.3426,-0) 
(8.65337,-0) 
(-4.75641,-0) 
(-14.8393,-0) 
(-0.255311,-0) 
(12.3271,-0) 
(-0.124602,-0) 
(3.69681,-0) 
(10.1785,-0) 
(4.0078,-0) 


ITERATION #69
ONE REAL ROOT (|a1| > |a2|)

NORM = 0.111756

EVALUE  = (3.85232,0)

EVECTOR = 
(-2.57027,-0) 
(7.18031,-0) 
(-3.56862,-0) 
(-8.75639,-0) 
(5.73864,-0) 
(-8.12092,-0) 
(6.07745,-0) 
(0.0174457,-0) 
(-11.9688,-0) 
(0.35315,-0) 
(-3.34233,-0) 
(-8.65521,-0) 
(4.7582,-0) 
(14.8394,-0) 
(0.255822,-0) 
(-12.3283,-0) 
(0.123292,-0) 
(-3.69859,-0) 
(-10.1784,-0) 
(-4.0085,-0) 


ITERATION #70
ONE REAL ROOT (|a1| > |a2|)

NORM = 0.10139

EVALUE  = (3.85232,0)

EVECTOR = 
(2.56952,-0) 
(-7.18125,-0) 
(3.56955,-0) 
(8.75617,-0) 
(-5.73798,-0) 
(8.12163,-0) 
(-6.07895,-0) 
(-0.0180687,-0) 
(11.9696,-0) 
(-0.354044,-0) 
(3.3421,-0) 
(8.65688,-0) 
(-4.75982,-0) 
(-14.8395,-0) 
(-0.256286,-0) 
(12.3293,-0) 
(-0.122103,-0) 
(3.7002,-0) 
(10.1782,-0) 
(4.00914,-0) 


ITERATION #71
ONE REAL ROOT (|a1| > |a2|)

NORM = 0.091986

EVALUE  = (3.85232,0)

EVECTOR = 
(-2.56883,-0) 
(7.18211,-0) 
(-3.5704,-0) 
(-8.75597,-0) 
(5.73739,-0) 
(-8.12228,-0) 
(6.08031,-0) 
(0.0186339,-0) 
(-11.9703,-0) 
(0.354854,-0) 
(-3.34188,-0) 
(-8.65839,-0) 
(4.76129,-0) 
(14.8396,-0) 
(0.256707,-0) 
(-12.3303,-0) 
(0.121025,-0) 
(-3.70167,-0) 
(-10.1781,-0) 
(-4.00971,-0) 


ITERATION #72
ONE REAL ROOT (|a1| > |a2|)

NORM = 0.0834535

EVALUE  = (3.85232,0)

EVECTOR = 
(2.56821,-0) 
(-7.18288,-0) 
(3.57116,-0) 
(8.75579,-0) 
(-5.73685,-0) 
(8.12287,-0) 
(-6.08155,-0) 
(-0.0191467,-0) 
(11.971,-0) 
(-0.355589,-0) 
(3.34168,-0) 
(8.65977,-0) 
(-4.76262,-0) 
(-14.8396,-0) 
(-0.257089,-0) 
(12.3312,-0) 
(-0.120047,-0) 
(3.70299,-0) 
(10.178,-0) 
(4.01023,-0) 


ITERATION #73
ONE REAL ROOT (|a1| > |a2|)

NORM = 0.075712

EVALUE  = (3.85232,0)

EVECTOR = 
(-2.56764,-0) 
(7.18359,-0) 
(-3.57186,-0) 
(-8.75562,-0) 
(5.73637,-0) 
(-8.1234,-0) 
(6.08266,-0) 
(0.019612,-0) 
(-11.9717,-0) 
(0.356256,-0) 
(-3.3415,-0) 
(-8.66101,-0) 
(4.76383,-0) 
(14.8397,-0) 
(0.257435,-0) 
(-12.3319,-0) 
(0.119159,-0) 
(-3.7042,-0) 
(-10.1779,-0) 
(-4.0107,-0) 


ITERATION #74
ONE REAL ROOT (|a1| > |a2|)

NORM = 0.0686884

EVALUE  = (3.85232,0)

EVECTOR = 
(2.56713,-0) 
(-7.18423,-0) 
(3.57249,-0) 
(8.75548,-0) 
(-5.73592,-0) 
(8.12388,-0) 
(-6.08368,-0) 
(-0.0200341,-0) 
(11.9722,-0) 
(-0.356862,-0) 
(3.34134,-0) 
(8.66214,-0) 
(-4.76493,-0) 
(-14.8398,-0) 
(-0.257749,-0) 
(12.3326,-0) 
(-0.118353,-0) 
(3.70529,-0) 
(10.1778,-0) 
(4.01113,-0) 


ITERATION #75
ONE REAL ROOT (|a1| > |a2|)

NORM = 0.0623161

EVALUE  = (3.85232,0)

EVECTOR = 
(-2.56667,-0) 
(7.1848,-0) 
(-3.57307,-0) 
(-8.75534,-0) 
(5.73552,-0) 
(-8.12432,-0) 
(6.0846,-0) 
(0.0204171,-0) 
(-11.9727,-0) 
(0.357411,-0) 
(-3.34119,-0) 
(-8.66317,-0) 
(4.76593,-0) 
(14.8398,-0) 
(0.258035,-0) 
(-12.3333,-0) 
(0.117623,-0) 
(-3.70628,-0) 
(-10.1777,-0) 
(-4.01152,-0) 


ITERATION #76
ONE REAL ROOT (|a1| > |a2|)

NORM = 0.0565348

EVALUE  = (3.85232,0)

EVECTOR = 
(2.56625,-0) 
(-7.18533,-0) 
(3.57359,-0) 
(8.75522,-0) 
(-5.73516,-0) 
(8.12472,-0) 
(-6.08544,-0) 
(-0.0207646,-0) 
(11.9732,-0) 
(-0.357909,-0) 
(3.34106,-0) 
(8.6641,-0) 
(-4.76683,-0) 
(-14.8399,-0) 
(-0.258293,-0) 
(12.3339,-0) 
(-0.11696,-0) 
(3.70718,-0) 
(10.1776,-0) 
(4.01188,-0) 


ITERATION #77
ONE REAL ROOT (|a1| > |a2|)

NORM = 0.0512897

EVALUE  = (3.85232,0)

EVECTOR = 
(-2.56586,-0) 
(7.18581,-0) 
(-3.57406,-0) 
(-8.75511,-0) 
(5.73483,-0) 
(-8.12508,-0) 
(6.0862,-0) 
(0.0210799,-0) 
(-11.9736,-0) 
(0.358361,-0) 
(-3.34094,-0) 
(-8.66495,-0) 
(4.76765,-0) 
(14.8399,-0) 
(0.258528,-0) 
(-12.3344,-0) 
(0.116358,-0) 
(-3.708,-0) 
(-10.1775,-0) 
(-4.0122,-0) 


ITERATION #78
ONE REAL ROOT (|a1| > |a2|)

NORM = 0.046531

EVALUE  = (3.85232,0)

EVECTOR = 
(2.56552,-0) 
(-7.18624,-0) 
(3.57449,-0) 
(8.75501,-0) 
(-5.73453,-0) 
(8.12541,-0) 
(-6.08689,-0) 
(-0.0213659,-0) 
(11.974,-0) 
(-0.358771,-0) 
(3.34083,-0) 
(8.66571,-0) 
(-4.76839,-0) 
(-14.84,-0) 
(-0.258741,-0) 
(12.3349,-0) 
(-0.115813,-0) 
(3.70874,-0) 
(10.1775,-0) 
(4.01249,-0) 


ITERATION #79
ONE REAL ROOT (|a1| > |a2|)

NORM = 0.0422138

EVALUE  = (3.85232,0)

EVECTOR = 
(-2.5652,-0) 
(7.18663,-0) 
(-3.57487,-0) 
(-8.75492,-0) 
(5.73426,-0) 
(-8.1257,-0) 
(6.08751,-0) 
(0.0216253,-0) 
(-11.9743,-0) 
(0.359143,-0) 
(-3.34073,-0) 
(-8.66641,-0) 
(4.76907,-0) 
(14.84,-0) 
(0.258934,-0) 
(-12.3353,-0) 
(0.115318,-0) 
(-3.70941,-0) 
(-10.1774,-0) 
(-4.01275,-0) 


ITERATION #80
ONE REAL ROOT (|a1| > |a2|)

NORM = 0.038297

EVALUE  = (3.85232,0)

EVECTOR = 
(2.56492,-0) 
(-7.18699,-0) 
(3.57523,-0) 
(8.75483,-0) 
(-5.73401,-0) 
(8.12597,-0) 
(-6.08808,-0) 
(-0.0218607,-0) 
(11.9747,-0) 
(-0.35948,-0) 
(3.34064,-0) 
(8.66704,-0) 
(-4.76968,-0) 
(-14.84,-0) 
(-0.259109,-0) 
(12.3357,-0) 
(-0.114868,-0) 
(3.71002,-0) 
(10.1774,-0) 
(4.01299,-0) 


ITERATION #81
ONE REAL ROOT (|a1| > |a2|)

NORM = 0.0347435

EVALUE  = (3.85232,0)

EVECTOR = 
(-2.56466,-0) 
(7.18731,-0) 
(-3.57555,-0) 
(-8.75476,-0) 
(5.73379,-0) 
(-8.12622,-0) 
(6.08859,-0) 
(0.0220743,-0) 
(-11.9749,-0) 
(0.359787,-0) 
(-3.34056,-0) 
(-8.66761,-0) 
(4.77024,-0) 
(14.8401,-0) 
(0.259268,-0) 
(-12.3361,-0) 
(0.114461,-0) 
(-3.71057,-0) 
(-10.1773,-0) 
(-4.01321,-0) 


ITERATION #82
ONE REAL ROOT (|a1| > |a2|)

NORM = 0.0315197

EVALUE  = (3.85232,0)

EVECTOR = 
(2.56442,-0) 
(-7.1876,-0) 
(3.57584,-0) 
(8.75469,-0) 
(-5.73358,-0) 
(8.12644,-0) 
(-6.08906,-0) 
(-0.0222681,-0) 
(11.9752,-0) 
(-0.360065,-0) 
(3.34048,-0) 
(8.66813,-0) 
(-4.77074,-0) 
(-14.8401,-0) 
(-0.259413,-0) 
(12.3364,-0) 
(-0.114091,-0) 
(3.71107,-0) 
(10.1773,-0) 
(4.0134,-0) 


ITERATION #83
ONE REAL ROOT (|a1| > |a2|)

NORM = 0.028595

EVALUE  = (3.85232,0)

EVECTOR = 
(-2.56421,-0) 
(7.18787,-0) 
(-3.5761,-0) 
(-8.75463,-0) 
(5.7334,-0) 
(-8.12664,-0) 
(6.08948,-0) 
(0.0224438,-0) 
(-11.9754,-0) 
(0.360317,-0) 
(-3.34041,-0) 
(-8.6686,-0) 
(4.7712,-0) 
(14.8401,-0) 
(0.259544,-0) 
(-12.3367,-0) 
(0.113756,-0) 
(-3.71153,-0) 
(-10.1772,-0) 
(-4.01358,-0) 


ITERATION #84
ONE REAL ROOT (|a1| > |a2|)

NORM = 0.0259417

EVALUE  = (3.85232,0)

EVECTOR = 
(2.56401,-0) 
(-7.18811,-0) 
(3.57634,-0) 
(8.75457,-0) 
(-5.73323,-0) 
(8.12682,-0) 
(-6.08986,-0) 
(-0.0226033,-0) 
(11.9757,-0) 
(-0.360545,-0) 
(3.34035,-0) 
(8.66903,-0) 
(-4.77161,-0) 
(-14.8401,-0) 
(-0.259662,-0) 
(12.337,-0) 
(-0.113452,-0) 
(3.71194,-0) 
(10.1772,-0) 
(4.01375,-0) 


ITERATION #85
ONE REAL ROOT (|a1| > |a2|)

NORM = 0.0235345

EVALUE  = (3.85232,0)

EVECTOR = 
(-2.56384,-0) 
(7.18833,-0) 
(-3.57655,-0) 
(-8.75452,-0) 
(5.73308,-0) 
(-8.12699,-0) 
(6.09021,-0) 
(0.022748,-0) 
(-11.9758,-0) 
(0.360753,-0) 
(-3.3403,-0) 
(-8.66942,-0) 
(4.77199,-0) 
(14.8401,-0) 
(0.25977,-0) 
(-12.3372,-0) 
(0.113175,-0) 
(-3.71232,-0) 
(-10.1772,-0) 
(-4.01389,-0) 


ITERATION #86
ONE REAL ROOT (|a1| > |a2|)

NORM = 0.0213506

EVALUE  = (3.85232,0)

EVECTOR = 
(2.56368,-0) 
(-7.18853,-0) 
(3.57675,-0) 
(8.75447,-0) 
(-5.73294,-0) 
(8.12714,-0) 
(-6.09053,-0) 
(-0.0228793,-0) 
(11.976,-0) 
(-0.360941,-0) 
(3.34025,-0) 
(8.66977,-0) 
(-4.77233,-0) 
(-14.8402,-0) 
(-0.259868,-0) 
(12.3374,-0) 
(-0.112925,-0) 
(3.71266,-0) 
(10.1771,-0) 
(4.01403,-0) 


ITERATION #87
ONE REAL ROOT (|a1| > |a2|)

NORM = 0.0193694

EVALUE  = (3.85232,0)

EVECTOR = 
(-2.56353,-0) 
(7.18871,-0) 
(-3.57693,-0) 
(-8.75443,-0) 
(5.73282,-0) 
(-8.12727,-0) 
(6.09081,-0) 
(0.0229983,-0) 
(-11.9762,-0) 
(0.361112,-0) 
(-3.3402,-0) 
(-8.67009,-0) 
(4.77264,-0) 
(14.8402,-0) 
(0.259956,-0) 
(-12.3376,-0) 
(0.112698,-0) 
(-3.71296,-0) 
(-10.1771,-0) 
(-4.01415,-0) 


ITERATION #88
ONE REAL ROOT (|a1| > |a2|)

NORM = 0.017572

EVALUE  = (3.85232,0)

EVECTOR = 
(2.5634,-0) 
(-7.18887,-0) 
(3.57709,-0) 
(8.75439,-0) 
(-5.7327,-0) 
(8.1274,-0) 
(-6.09107,-0) 
(-0.0231064,-0) 
(11.9763,-0) 
(-0.361266,-0) 
(3.34016,-0) 
(8.67038,-0) 
(-4.77292,-0) 
(-14.8402,-0) 
(-0.260037,-0) 
(12.3378,-0) 
(-0.112492,-0) 
(3.71324,-0) 
(10.1771,-0) 
(4.01426,-0) 


ITERATION #89
ONE REAL ROOT (|a1| > |a2|)

NORM = 0.0159413

EVALUE  = (3.85232,0)

EVECTOR = 
(-2.56328,-0) 
(7.18902,-0) 
(-3.57724,-0) 
(-8.75436,-0) 
(5.7326,-0) 
(-8.12751,-0) 
(6.09131,-0) 
(0.0232044,-0) 
(-11.9765,-0) 
(0.361407,-0) 
(-3.34012,-0) 
(-8.67064,-0) 
(4.77317,-0) 
(14.8402,-0) 
(0.26011,-0) 
(-12.338,-0) 
(0.112305,-0) 
(-3.7135,-0) 
(-10.1771,-0) 
(-4.01436,-0) 


ITERATION #90
ONE REAL ROOT (|a1| > |a2|)

NORM = 0.014462

EVALUE  = (3.85232,0)

EVECTOR = 
(2.56318,-0) 
(-7.18916,-0) 
(3.57737,-0) 
(8.75433,-0) 
(-5.73251,-0) 
(8.12761,-0) 
(-6.09152,-0) 
(-0.0232933,-0) 
(11.9766,-0) 
(-0.361534,-0) 
(3.34009,-0) 
(8.67088,-0) 
(-4.77341,-0) 
(-14.8402,-0) 
(-0.260176,-0) 
(12.3381,-0) 
(-0.112135,-0) 
(3.71373,-0) 
(10.1771,-0) 
(4.01445,-0) 


ITERATION #91
ONE REAL ROOT (|a1| > |a2|)

NORM = 0.01312

EVALUE  = (3.85232,0)

EVECTOR = 
(-2.56308,-0) 
(7.18928,-0) 
(-3.57749,-0) 
(-8.7543,-0) 
(5.73242,-0) 
(-8.1277,-0) 
(6.09172,-0) 
(0.0233739,-0) 
(-11.9767,-0) 
(0.36165,-0) 
(-3.34006,-0) 
(-8.67109,-0) 
(4.77362,-0) 
(14.8402,-0) 
(0.260236,-0) 
(-12.3383,-0) 
(0.111981,-0) 
(-3.71394,-0) 
(-10.177,-0) 
(-4.01453,-0) 


ITERATION #92
ONE REAL ROOT (|a1| > |a2|)

NORM = 0.0119024

EVALUE  = (3.85232,0)

EVECTOR = 
(2.56299,-0) 
(-7.18939,-0) 
(3.5776,-0) 
(8.75427,-0) 
(-5.73235,-0) 
(8.12779,-0) 
(-6.09189,-0) 
(-0.0234471,-0) 
(11.9768,-0) 
(-0.361755,-0) 
(3.34003,-0) 
(8.67129,-0) 
(-4.77381,-0) 
(-14.8402,-0) 
(-0.260291,-0) 
(12.3384,-0) 
(-0.111842,-0) 
(3.71413,-0) 
(10.177,-0) 
(4.0146,-0) 


ITERATION #93
ONE REAL ROOT (|a1| > |a2|)

NORM = 0.0107979

EVALUE  = (3.85232,0)

EVECTOR = 
(-2.56291,-0) 
(7.18949,-0) 
(-3.5777,-0) 
(-8.75425,-0) 
(5.73228,-0) 
(-8.12786,-0) 
(6.09205,-0) 
(0.0235135,-0) 
(-11.9769,-0) 
(0.36185,-0) 
(-3.34,-0) 
(-8.67147,-0) 
(4.77398,-0) 
(14.8403,-0) 
(0.26034,-0) 
(-12.3385,-0) 
(0.111715,-0) 
(-3.7143,-0) 
(-10.177,-0) 
(-4.01467,-0) 


ITERATION #94
ONE REAL ROOT (|a1| > |a2|)

NORM = 0.00979584

EVALUE  = (3.85232,0)

EVECTOR = 
(2.56284,-0) 
(-7.18958,-0) 
(3.57779,-0) 
(8.75423,-0) 
(-5.73221,-0) 
(8.12793,-0) 
(-6.0922,-0) 
(-0.0235737,-0) 
(11.977,-0) 
(-0.361937,-0) 
(3.33998,-0) 
(8.67163,-0) 
(-4.77414,-0) 
(-14.8403,-0) 
(-0.260385,-0) 
(12.3386,-0) 
(-0.1116,-0) 
(3.71445,-0) 
(10.177,-0) 
(4.01473,-0) 


ITERATION #95
ONE REAL ROOT (|a1| > |a2|)

NORM = 0.00888677

EVALUE  = (3.85232,0)

EVECTOR = 
(-2.56277,-0) 
(7.18966,-0) 
(-3.57787,-0) 
(-8.75421,-0) 
(5.73216,-0) 
(-8.12799,-0) 
(6.09233,-0) 
(0.0236284,-0) 
(-11.977,-0) 
(0.362015,-0) 
(-3.33996,-0) 
(-8.67178,-0) 
(4.77428,-0) 
(14.8403,-0) 
(0.260426,-0) 
(-12.3387,-0) 
(0.111496,-0) 
(-3.7146,-0) 
(-10.177,-0) 
(-4.01479,-0) 


ITERATION #96
ONE REAL ROOT (|a1| > |a2|)

NORM = 0.00806206

EVALUE  = (3.85232,0)

EVECTOR = 
(2.56271,-0) 
(-7.18974,-0) 
(3.57795,-0) 
(8.75419,-0) 
(-5.7321,-0) 
(8.12805,-0) 
(-6.09245,-0) 
(-0.0236779,-0) 
(11.9771,-0) 
(-0.362086,-0) 
(3.33994,-0) 
(8.67191,-0) 
(-4.77441,-0) 
(-14.8403,-0) 
(-0.260462,-0) 
(12.3388,-0) 
(-0.111401,-0) 
(3.71472,-0) 
(10.177,-0) 
(4.01484,-0) 


ITERATION #97
ONE REAL ROOT (|a1| > |a2|)

NORM = 0.00731389

EVALUE  = (3.85232,0)

EVECTOR = 
(-2.56266,-0) 
(7.18981,-0) 
(-3.57801,-0) 
(-8.75418,-0) 
(5.73206,-0) 
(-8.1281,-0) 
(6.09256,-0) 
(0.0237229,-0) 
(-11.9772,-0) 
(0.36215,-0) 
(-3.33992,-0) 
(-8.67203,-0) 
(4.77452,-0) 
(14.8403,-0) 
(0.260496,-0) 
(-12.3388,-0) 
(0.111315,-0) 
(-3.71484,-0) 
(-10.177,-0) 
(-4.01488,-0) 


ITERATION #98
ONE REAL ROOT (|a1| > |a2|)

NORM = 0.00663514

EVALUE  = (3.85232,0)

EVECTOR = 
(2.56261,-0) 
(-7.18987,-0) 
(3.57808,-0) 
(8.75416,-0) 
(-5.73202,-0) 
(8.12815,-0) 
(-6.09266,-0) 
(-0.0237637,-0) 
(11.9772,-0) 
(-0.362209,-0) 
(3.33991,-0) 
(8.67214,-0) 
(-4.77463,-0) 
(-14.8403,-0) 
(-0.260526,-0) 
(12.3389,-0) 
(-0.111238,-0) 
(3.71495,-0) 
(10.177,-0) 
(4.01493,-0) 


ITERATION #99
ONE REAL ROOT (|a1| > |a2|)

NORM = 0.00601938

EVALUE  = (3.85232,0)

EVECTOR = 
(-2.56256,-0) 
(7.18992,-0) 
(-3.57813,-0) 
(-8.75415,-0) 
(5.73198,-0) 
(-8.12819,-0) 
(6.09274,-0) 
(0.0238007,-0) 
(-11.9773,-0) 
(0.362262,-0) 
(-3.33989,-0) 
(-8.67224,-0) 
(4.77473,-0) 
(14.8403,-0) 
(0.260554,-0) 
(-12.339,-0) 
(0.111167,-0) 
(-3.71504,-0) 
(-10.1769,-0) 
(-4.01496,-0) 


ITERATION #100
ONE REAL ROOT (|a1| > |a2|)

NORM = 0.00546077

EVALUE  = (3.85232,0)

EVECTOR = 
(2.56252,-0) 
(-7.18997,-0) 
(3.57818,-0) 
(8.75414,-0) 
(-5.73194,-0) 
(8.12823,-0) 
(-6.09283,-0) 
(-0.0238343,-0) 
(11.9773,-0) 
(-0.36231,-0) 
(3.33988,-0) 
(8.67233,-0) 
(-4.77481,-0) 
(-14.8403,-0) 
(-0.260579,-0) 
(12.339,-0) 
(-0.111103,-0) 
(3.71513,-0) 
(10.1769,-0) 
(4.015,-0) 


ITERATION #101
ONE REAL ROOT (|a1| > |a2|)

NORM = 0.00495399

EVALUE  = (3.85232,0)

EVECTOR = 
(-2.56248,-0) 
(7.19002,-0) 
(-3.57823,-0) 
(-8.75413,-0) 
(5.73191,-0) 
(-8.12826,-0) 
(6.0929,-0) 
(0.0238647,-0) 
(-11.9773,-0) 
(0.362354,-0) 
(-3.33987,-0) 
(-8.67241,-0) 
(4.77489,-0) 
(14.8403,-0) 
(0.260602,-0) 
(-12.3391,-0) 
(0.111045,-0) 
(-3.71521,-0) 
(-10.1769,-0) 
(-4.01503,-0) 


ITERATION #102
ONE REAL ROOT (|a1| > |a2|)

NORM = 0.00449424

EVALUE  = (3.85232,0)

EVECTOR = 
(2.56245,-0) 
(-7.19006,-0) 
(3.57827,-0) 
(8.75412,-0) 
(-5.73188,-0) 
(8.1283,-0) 
(-6.09297,-0) 
(-0.0238924,-0) 
(11.9774,-0) 
(-0.362393,-0) 
(3.33986,-0) 
(8.67248,-0) 
(-4.77496,-0) 
(-14.8403,-0) 
(-0.260622,-0) 
(12.3391,-0) 
(-0.110992,-0) 
(3.71528,-0) 
(10.1769,-0) 
(4.01506,-0) 


ITERATION #103
ONE REAL ROOT (|a1| > |a2|)

NORM = 0.00407716

EVALUE  = (3.85232,0)

EVECTOR = 
(-2.56242,-0) 
(7.1901,-0) 
(-3.57831,-0) 
(-8.75411,-0) 
(5.73185,-0) 
(-8.12832,-0) 
(6.09303,-0) 
(0.0239174,-0) 
(-11.9774,-0) 
(0.362429,-0) 
(-3.33985,-0) 
(-8.67255,-0) 
(4.77503,-0) 
(14.8403,-0) 
(0.260641,-0) 
(-12.3392,-0) 
(0.110944,-0) 
(-3.71534,-0) 
(-10.1769,-0) 
(-4.01508,-0) 


ITERATION #104
ONE REAL ROOT (|a1| > |a2|)

NORM = 0.00369878

EVALUE  = (3.85232,0)

EVECTOR = 
(2.56239,-0) 
(-7.19013,-0) 
(3.57834,-0) 
(8.7541,-0) 
(-5.73183,-0) 
(8.12835,-0) 
(-6.09308,-0) 
(-0.0239402,-0) 
(11.9774,-0) 
(-0.362462,-0) 
(3.33984,-0) 
(8.67261,-0) 
(-4.77509,-0) 
(-14.8403,-0) 
(-0.260658,-0) 
(12.3392,-0) 
(-0.110901,-0) 
(3.7154,-0) 
(10.1769,-0) 
(4.0151,-0) 


ITERATION #105
ONE REAL ROOT (|a1| > |a2|)

NORM = 0.00335552

EVALUE  = (3.85232,0)

EVECTOR = 
(-2.56237,-0) 
(7.19017,-0) 
(-3.57837,-0) 
(-8.75409,-0) 
(5.73181,-0) 
(-8.12837,-0) 
(6.09313,-0) 
(0.0239608,-0) 
(-11.9775,-0) 
(0.362492,-0) 
(-3.33983,-0) 
(-8.67267,-0) 
(4.77514,-0) 
(14.8403,-0) 
(0.260673,-0) 
(-12.3392,-0) 
(0.110862,-0) 
(-3.71546,-0) 
(-10.1769,-0) 
(-4.01513,-0) 


ITERATION #106
ONE REAL ROOT (|a1| > |a2|)

NORM = 0.00304411

EVALUE  = (3.85232,0)

EVECTOR = 
(2.56234,-0) 
(-7.19019,-0) 
(3.5784,-0) 
(8.75409,-0) 
(-5.73179,-0) 
(8.12839,-0) 
(-6.09317,-0) 
(-0.0239795,-0) 
(11.9775,-0) 
(-0.362518,-0) 
(3.33982,-0) 
(8.67272,-0) 
(-4.77519,-0) 
(-14.8403,-0) 
(-0.260687,-0) 
(12.3393,-0) 
(-0.110826,-0) 
(3.7155,-0) 
(10.1769,-0) 
(4.01514,-0) 


ITERATION #107
ONE REAL ROOT (|a1| > |a2|)

NORM = 0.0027616

EVALUE  = (3.85232,0)

EVECTOR = 
(-2.56232,-0) 
(7.19022,-0) 
(-3.57842,-0) 
(-8.75408,-0) 
(5.73177,-0) 
(-8.12841,-0) 
(6.09322,-0) 
(0.0239965,-0) 
(-11.9775,-0) 
(0.362543,-0) 
(-3.33982,-0) 
(-8.67276,-0) 
(4.77523,-0) 
(14.8403,-0) 
(0.2607,-0) 
(-12.3393,-0) 
(0.110793,-0) 
(-3.71555,-0) 
(-10.1769,-0) 
(-4.01516,-0) 


ITERATION #108
ONE REAL ROOT (|a1| > |a2|)

NORM = 0.00250531

EVALUE  = (3.85232,0)

EVECTOR = 
(2.56231,-0) 
(-7.19024,-0) 
(3.57845,-0) 
(8.75408,-0) 
(-5.73175,-0) 
(8.12843,-0) 
(-6.09325,-0) 
(-0.0240119,-0) 
(11.9775,-0) 
(-0.362565,-0) 
(3.33981,-0) 
(8.6728,-0) 
(-4.77527,-0) 
(-14.8403,-0) 
(-0.260711,-0) 
(12.3393,-0) 
(-0.110764,-0) 
(3.71559,-0) 
(10.1769,-0) 
(4.01518,-0) 


ITERATION #109
ONE REAL ROOT (|a1| > |a2|)

NORM = 0.00227281

EVALUE  = (3.85232,0)

EVECTOR = 
(-2.56229,-0) 
(7.19026,-0) 
(-3.57847,-0) 
(-8.75407,-0) 
(5.73174,-0) 
(-8.12845,-0) 
(6.09329,-0) 
(0.0240259,-0) 
(-11.9776,-0) 
(0.362585,-0) 
(-3.33981,-0) 
(-8.67284,-0) 
(4.77531,-0) 
(14.8403,-0) 
(0.260721,-0) 
(-12.3394,-0) 
(0.110737,-0) 
(-3.71562,-0) 
(-10.1769,-0) 
(-4.01519,-0) 


ITERATION #110
ONE REAL ROOT (|a1| > |a2|)

NORM = 0.00206188

EVALUE  = (3.85232,0)

EVECTOR = 
(2.56227,-0) 
(-7.19028,-0) 
(3.57849,-0) 
(8.75407,-0) 
(-5.73173,-0) 
(8.12846,-0) 
(-6.09332,-0) 
(-0.0240385,-0) 
(11.9776,-0) 
(-0.362603,-0) 
(3.3398,-0) 
(8.67288,-0) 
(-4.77534,-0) 
(-14.8403,-0) 
(-0.260731,-0) 
(12.3394,-0) 
(-0.110713,-0) 
(3.71566,-0) 
(10.1769,-0) 
(4.0152,-0) 


ITERATION #111
ONE REAL ROOT (|a1| > |a2|)

NORM = 0.00187053

EVALUE  = (3.85232,0)

EVECTOR = 
(-2.56226,-0) 
(7.1903,-0) 
(-3.5785,-0) 
(-8.75406,-0) 
(5.73171,-0) 
(-8.12848,-0) 
(6.09334,-0) 
(0.02405,-0) 
(-11.9776,-0) 
(0.362619,-0) 
(-3.3398,-0) 
(-8.67291,-0) 
(4.77537,-0) 
(14.8403,-0) 
(0.260739,-0) 
(-12.3394,-0) 
(0.110691,-0) 
(-3.71569,-0) 
(-10.1769,-0) 
(-4.01522,-0) 


ITERATION #112
ONE REAL ROOT (|a1| > |a2|)

NORM = 0.00169693

EVALUE  = (3.85232,0)

EVECTOR = 
(2.56225,-0) 
(-7.19032,-0) 
(3.57852,-0) 
(8.75406,-0) 
(-5.7317,-0) 
(8.12849,-0) 
(-6.09337,-0) 
(-0.0240605,-0) 
(11.9776,-0) 
(-0.362634,-0) 
(3.33979,-0) 
(8.67293,-0) 
(-4.7754,-0) 
(-14.8403,-0) 
(-0.260747,-0) 
(12.3394,-0) 
(-0.110671,-0) 
(3.71571,-0) 
(10.1769,-0) 
(4.01523,-0) 


ITERATION #113
ONE REAL ROOT (|a1| > |a2|)

NORM = 0.00153945

EVALUE  = (3.85232,0)

EVECTOR = 
(-2.56223,-0) 
(7.19033,-0) 
(-3.57853,-0) 
(-8.75406,-0) 
(5.73169,-0) 
(-8.1285,-0) 
(6.09339,-0) 
(0.0240699,-0) 
(-11.9776,-0) 
(0.362648,-0) 
(-3.33979,-0) 
(-8.67296,-0) 
(4.77543,-0) 
(14.8403,-0) 
(0.260754,-0) 
(-12.3394,-0) 
(0.110653,-0) 
(-3.71574,-0) 
(-10.1769,-0) 
(-4.01524,-0) 


ITERATION #114
ONE REAL ROOT (|a1| > |a2|)

NORM = 0.00139658

EVALUE  = (3.85232,0)

EVECTOR = 
(2.56222,-0) 
(-7.19034,-0) 
(3.57855,-0) 
(8.75405,-0) 
(-5.73169,-0) 
(8.12851,-0) 
(-6.09341,-0) 
(-0.0240785,-0) 
(11.9776,-0) 
(-0.36266,-0) 
(3.33979,-0) 
(8.67298,-0) 
(-4.77545,-0) 
(-14.8403,-0) 
(-0.260761,-0) 
(12.3394,-0) 
(-0.110637,-0) 
(3.71576,-0) 
(10.1769,-0) 
(4.01525,-0) 


ITERATION #115
ONE REAL ROOT (|a1| > |a2|)

NORM = 0.00126697

EVALUE  = (3.85232,0)

EVECTOR = 
(-2.56221,-0) 
(7.19036,-0) 
(-3.57856,-0) 
(-8.75405,-0) 
(5.73168,-0) 
(-8.12852,-0) 
(6.09343,-0) 
(0.0240863,-0) 
(-11.9776,-0) 
(0.362671,-0) 
(-3.33978,-0) 
(-8.673,-0) 
(4.77547,-0) 
(14.8403,-0) 
(0.260767,-0) 
(-12.3395,-0) 
(0.110622,-0) 
(-3.71578,-0) 
(-10.1769,-0) 
(-4.01525,-0) 


ITERATION #116
ONE REAL ROOT (|a1| > |a2|)

NORM = 0.00114939

EVALUE  = (3.85232,0)

EVECTOR = 
(2.56221,-0) 
(-7.19037,-0) 
(3.57857,-0) 
(8.75405,-0) 
(-5.73167,-0) 
(8.12853,-0) 
(-6.09345,-0) 
(-0.0240934,-0) 
(11.9776,-0) 
(-0.362682,-0) 
(3.33978,-0) 
(8.67302,-0) 
(-4.77549,-0) 
(-14.8403,-0) 
(-0.260772,-0) 
(12.3395,-0) 
(-0.110609,-0) 
(3.7158,-0) 
(10.1769,-0) 
(4.01526,-0) 


ITERATION #117
ONE REAL ROOT (|a1| > |a2|)

NORM = 0.00104272

EVALUE  = (3.85232,0)

EVECTOR = 
(-2.5622,-0) 
(7.19038,-0) 
(-3.57858,-0) 
(-8.75404,-0) 
(5.73166,-0) 
(-8.12853,-0) 
(6.09346,-0) 
(0.0240998,-0) 
(-11.9777,-0) 
(0.362691,-0) 
(-3.33978,-0) 
(-8.67304,-0) 
(4.7755,-0) 
(14.8403,-0) 
(0.260777,-0) 
(-12.3395,-0) 
(0.110596,-0) 
(-3.71582,-0) 
(-10.1769,-0) 
(-4.01527,-0) 


ITERATION #118
ONE REAL ROOT (|a1| > |a2|)

NORM = 0.000945948

EVALUE  = (3.85232,0)

EVECTOR = 
(2.56219,-0) 
(-7.19038,-0) 
(3.57859,-0) 
(8.75404,-0) 
(-5.73166,-0) 
(8.12854,-0) 
(-6.09348,-0) 
(-0.0241056,-0) 
(11.9777,-0) 
(-0.362699,-0) 
(3.33978,-0) 
(8.67306,-0) 
(-4.77552,-0) 
(-14.8403,-0) 
(-0.260781,-0) 
(12.3395,-0) 
(-0.110585,-0) 
(3.71583,-0) 
(10.1769,-0) 
(4.01527,-0) 


ITERATION #119
ONE REAL ROOT (|a1| > |a2|)

NORM = 0.000858159

EVALUE  = (3.85232,0)

EVECTOR = 
(-2.56219,-0) 
(7.19039,-0) 
(-3.5786,-0) 
(-8.75404,-0) 
(5.73165,-0) 
(-8.12855,-0) 
(6.09349,-0) 
(0.0241109,-0) 
(-11.9777,-0) 
(0.362707,-0) 
(-3.33977,-0) 
(-8.67307,-0) 
(4.77553,-0) 
(14.8403,-0) 
(0.260785,-0) 
(-12.3395,-0) 
(0.110575,-0) 
(-3.71584,-0) 
(-10.1769,-0) 
(-4.01528,-0) 


ITERATION #120
ONE REAL ROOT (|a1| > |a2|)

NORM = 0.000778517

EVALUE  = (3.85232,0)

EVECTOR = 
(2.56218,-0) 
(-7.1904,-0) 
(3.5786,-0) 
(8.75404,-0) 
(-5.73165,-0) 
(8.12855,-0) 
(-6.0935,-0) 
(-0.0241157,-0) 
(11.9777,-0) 
(-0.362714,-0) 
(3.33977,-0) 
(8.67308,-0) 
(-4.77554,-0) 
(-14.8403,-0) 
(-0.260788,-0) 
(12.3395,-0) 
(-0.110566,-0) 
(3.71586,-0) 
(10.1769,-0) 
(4.01528,-0) 


ITERATION #121
ONE REAL ROOT (|a1| > |a2|)

NORM = 0.000706266

EVALUE  = (3.85232,0)

EVECTOR = 
(-2.56217,-0) 
(7.19041,-0) 
(-3.57861,-0) 
(-8.75404,-0) 
(5.73164,-0) 
(-8.12856,-0) 
(6.09351,-0) 
(0.02412,-0) 
(-11.9777,-0) 
(0.36272,-0) 
(-3.33977,-0) 
(-8.67309,-0) 
(4.77556,-0) 
(14.8403,-0) 
(0.260792,-0) 
(-12.3395,-0) 
(0.110558,-0) 
(-3.71587,-0) 
(-10.1769,-0) 
(-4.01529,-0) 


ITERATION #122
ONE REAL ROOT (|a1| > |a2|)

NORM = 0.000640721

EVALUE  = (3.85232,0)

EVECTOR = 
(2.56217,-0) 
(-7.19041,-0) 
(3.57862,-0) 
(8.75404,-0) 
(-5.73164,-0) 
(8.12856,-0) 
(-6.09352,-0) 
(-0.024124,-0) 
(11.9777,-0) 
(-0.362725,-0) 
(3.33977,-0) 
(8.67311,-0) 
(-4.77557,-0) 
(-14.8403,-0) 
(-0.260795,-0) 
(12.3395,-0) 
(-0.11055,-0) 
(3.71588,-0) 
(10.1769,-0) 
(4.01529,-0) 


ITERATION #123
ONE REAL ROOT (|a1| > |a2|)

NORM = 0.000581258

EVALUE  = (3.85232,0)

EVECTOR = 
(-2.56216,-0) 
(7.19042,-0) 
(-3.57862,-0) 
(-8.75403,-0) 
(5.73163,-0) 
(-8.12856,-0) 
(6.09353,-0) 
(0.0241275,-0) 
(-11.9777,-0) 
(0.362731,-0) 
(-3.33977,-0) 
(-8.67311,-0) 
(4.77558,-0) 
(14.8403,-0) 
(0.260797,-0) 
(-12.3395,-0) 
(0.110543,-0) 
(-3.71589,-0) 
(-10.1769,-0) 
(-4.01529,-0) 


ITERATION #124
ONE REAL ROOT (|a1| > |a2|)

NORM = 0.000527314

EVALUE  = (3.85232,0)

EVECTOR = 
(2.56216,-0) 
(-7.19042,-0) 
(3.57863,-0) 
(8.75403,-0) 
(-5.73163,-0) 
(8.12857,-0) 
(-6.09354,-0) 
(-0.0241308,-0) 
(11.9777,-0) 
(-0.362735,-0) 
(3.33977,-0) 
(8.67312,-0) 
(-4.77558,-0) 
(-14.8403,-0) 
(-0.2608,-0) 
(12.3395,-0) 
(-0.110537,-0) 
(3.7159,-0) 
(10.1769,-0) 
(4.0153,-0) 


ITERATION #125
ONE REAL ROOT (|a1| > |a2|)

NORM = 0.000478376

EVALUE  = (3.85232,0)

EVECTOR = 
(-2.56216,-0) 
(7.19043,-0) 
(-3.57863,-0) 
(-8.75403,-0) 
(5.73163,-0) 
(-8.12857,-0) 
(6.09355,-0) 
(0.0241337,-0) 
(-11.9777,-0) 
(0.362739,-0) 
(-3.33977,-0) 
(-8.67313,-0) 
(4.77559,-0) 
(14.8403,-0) 
(0.260802,-0) 
(-12.3395,-0) 
(0.110532,-0) 
(-3.7159,-0) 
(-10.1769,-0) 
(-4.0153,-0) 


ITERATION #126
ONE REAL ROOT (|a1| > |a2|)

NORM = 0.00043398

EVALUE  = (3.85232,0)

EVECTOR = 
(2.56215,-0) 
(-7.19043,-0) 
(3.57863,-0) 
(8.75403,-0) 
(-5.73162,-0) 
(8.12857,-0) 
(-6.09355,-0) 
(-0.0241364,-0) 
(11.9777,-0) 
(-0.362743,-0) 
(3.33976,-0) 
(8.67314,-0) 
(-4.7756,-0) 
(-14.8403,-0) 
(-0.260804,-0) 
(12.3395,-0) 
(-0.110526,-0) 
(3.71591,-0) 
(10.1769,-0) 
(4.0153,-0) 


ITERATION #127
ONE REAL ROOT (|a1| > |a2|)

NORM = 0.000393704

EVALUE  = (3.85232,0)

EVECTOR = 
(-2.56215,-0) 
(7.19043,-0) 
(-3.57864,-0) 
(-8.75403,-0) 
(5.73162,-0) 
(-8.12858,-0) 
(6.09356,-0) 
(0.0241388,-0) 
(-11.9777,-0) 
(0.362747,-0) 
(-3.33976,-0) 
(-8.67314,-0) 
(4.7756,-0) 
(14.8403,-0) 
(0.260806,-0) 
(-12.3395,-0) 
(0.110522,-0) 
(-3.71592,-0) 
(-10.1769,-0) 
(-4.01531,-0) 


ITERATION #128
ONE REAL ROOT (|a1| > |a2|)

NORM = 0.000357166

EVALUE  = (3.85232,0)

EVECTOR = 
(2.56215,-0) 
(-7.19044,-0) 
(3.57864,-0) 
(8.75403,-0) 
(-5.73162,-0) 
(8.12858,-0) 
(-6.09356,-0) 
(-0.024141,-0) 
(11.9777,-0) 
(-0.36275,-0) 
(3.33976,-0) 
(8.67315,-0) 
(-4.77561,-0) 
(-14.8403,-0) 
(-0.260807,-0) 
(12.3395,-0) 
(-0.110518,-0) 
(3.71592,-0) 
(10.1769,-0) 
(4.01531,-0) 


ITERATION #129
ONE REAL ROOT (|a1| > |a2|)

NORM = 0.000324019

EVALUE  = (3.85232,0)

EVECTOR = 
(-2.56215,-0) 
(7.19044,-0) 
(-3.57864,-0) 
(-8.75403,-0) 
(5.73162,-0) 
(-8.12858,-0) 
(6.09357,-0) 
(0.024143,-0) 
(-11.9777,-0) 
(0.362753,-0) 
(-3.33976,-0) 
(-8.67316,-0) 
(4.77562,-0) 
(14.8403,-0) 
(0.260809,-0) 
(-12.3395,-0) 
(0.110514,-0) 
(-3.71593,-0) 
(-10.1769,-0) 
(-4.01531,-0) 


ITERATION #130
ONE REAL ROOT (|a1| > |a2|)

NORM = 0.000293948

EVALUE  = (3.85232,0)

EVECTOR = 
(2.56214,-0) 
(-7.19044,-0) 
(3.57865,-0) 
(8.75403,-0) 
(-5.73162,-0) 
(8.12858,-0) 
(-6.09357,-0) 
(-0.0241448,-0) 
(11.9777,-0) 
(-0.362755,-0) 
(3.33976,-0) 
(8.67316,-0) 
(-4.77562,-0) 
(-14.8403,-0) 
(-0.26081,-0) 
(12.3396,-0) 
(-0.11051,-0) 
(3.71593,-0) 
(10.1769,-0) 
(4.01531,-0) 


ITERATION #131
ONE REAL ROOT (|a1| > |a2|)

NORM = 0.000266668

EVALUE  = (3.85232,0)

EVECTOR = 
(-2.56214,-0) 
(7.19045,-0) 
(-3.57865,-0) 
(-8.75403,-0) 
(5.73161,-0) 
(-8.12859,-0) 
(6.09358,-0) 
(0.0241464,-0) 
(-11.9777,-0) 
(0.362758,-0) 
(-3.33976,-0) 
(-8.67317,-0) 
(4.77562,-0) 
(14.8403,-0) 
(0.260811,-0) 
(-12.3396,-0) 
(0.110507,-0) 
(-3.71594,-0) 
(-10.1769,-0) 
(-4.01531,-0) 


ITERATION #132
ONE REAL ROOT (|a1| > |a2|)

NORM = 0.000241919

EVALUE  = (3.85232,0)

EVECTOR = 
(2.56214,-0) 
(-7.19045,-0) 
(3.57865,-0) 
(8.75403,-0) 
(-5.73161,-0) 
(8.12859,-0) 
(-6.09358,-0) 
(-0.0241479,-0) 
(11.9777,-0) 
(-0.36276,-0) 
(3.33976,-0) 
(8.67317,-0) 
(-4.77563,-0) 
(-14.8403,-0) 
(-0.260812,-0) 
(12.3396,-0) 
(-0.110504,-0) 
(3.71594,-0) 
(10.1769,-0) 
(4.01532,-0) 


ITERATION #133
ONE REAL ROOT (|a1| > |a2|)

NORM = 0.000219468

EVALUE  = (3.85232,0)

EVECTOR = 
(-2.56214,-0) 
(7.19045,-0) 
(-3.57865,-0) 
(-8.75403,-0) 
(5.73161,-0) 
(-8.12859,-0) 
(6.09358,-0) 
(0.0241493,-0) 
(-11.9777,-0) 
(0.362762,-0) 
(-3.33976,-0) 
(-8.67317,-0) 
(4.77563,-0) 
(14.8403,-0) 
(0.260813,-0) 
(-12.3396,-0) 
(0.110502,-0) 
(-3.71594,-0) 
(-10.1769,-0) 
(-4.01532,-0) 


ITERATION #134
ONE REAL ROOT (|a1| > |a2|)

NORM = 0.0001991

EVALUE  = (3.85232,0)

EVECTOR = 
(2.56214,-0) 
(-7.19045,-0) 
(3.57865,-0) 
(8.75403,-0) 
(-5.73161,-0) 
(8.12859,-0) 
(-6.09359,-0) 
(-0.0241505,-0) 
(11.9777,-0) 
(-0.362764,-0) 
(3.33976,-0) 
(8.67318,-0) 
(-4.77564,-0) 
(-14.8403,-0) 
(-0.260814,-0) 
(12.3396,-0) 
(-0.1105,-0) 
(3.71595,-0) 
(10.1769,-0) 
(4.01532,-0) 


ITERATION #135
ONE REAL ROOT (|a1| > |a2|)

NORM = 0.000180622

EVALUE  = (3.85232,0)

EVECTOR = 
(-2.56214,-0) 
(7.19045,-0) 
(-3.57866,-0) 
(-8.75403,-0) 
(5.73161,-0) 
(-8.12859,-0) 
(6.09359,-0) 
(0.0241516,-0) 
(-11.9777,-0) 
(0.362765,-0) 
(-3.33976,-0) 
(-8.67318,-0) 
(4.77564,-0) 
(14.8403,-0) 
(0.260815,-0) 
(-12.3396,-0) 
(0.110497,-0) 
(-3.71595,-0) 
(-10.1769,-0) 
(-4.01532,-0) 


ITERATION #136
ONE REAL ROOT (|a1| > |a2|)

NORM = 0.000163859

EVALUE  = (3.85232,0)

EVECTOR = 
(2.56213,-0) 
(-7.19046,-0) 
(3.57866,-0) 
(8.75403,-0) 
(-5.73161,-0) 
(8.12859,-0) 
(-6.09359,-0) 
(-0.0241526,-0) 
(11.9777,-0) 
(-0.362767,-0) 
(3.33976,-0) 
(8.67318,-0) 
(-4.77564,-0) 
(-14.8403,-0) 
(-0.260816,-0) 
(12.3396,-0) 
(-0.110496,-0) 
(3.71595,-0) 
(10.1769,-0) 
(4.01532,-0) 


ITERATION #137
ONE REAL ROOT (|a1| > |a2|)

NORM = 0.000148652

EVALUE  = (3.85232,0)

EVECTOR = 
(-2.56213,-0) 
(7.19046,-0) 
(-3.57866,-0) 
(-8.75403,-0) 
(5.73161,-0) 
(-8.12859,-0) 
(6.09359,-0) 
(0.0241535,-0) 
(-11.9777,-0) 
(0.362768,-0) 
(-3.33976,-0) 
(-8.67318,-0) 
(4.77564,-0) 
(14.8403,-0) 
(0.260817,-0) 
(-12.3396,-0) 
(0.110494,-0) 
(-3.71595,-0) 
(-10.1769,-0) 
(-4.01532,-0) 


ITERATION #138
ONE REAL ROOT (|a1| > |a2|)

NORM = 0.000134856

EVALUE  = (3.85232,0)

EVECTOR = 
(2.56213,-0) 
(-7.19046,-0) 
(3.57866,-0) 
(8.75403,-0) 
(-5.73161,-0) 
(8.12859,-0) 
(-6.0936,-0) 
(-0.0241544,-0) 
(11.9777,-0) 
(-0.362769,-0) 
(3.33976,-0) 
(8.67319,-0) 
(-4.77565,-0) 
(-14.8403,-0) 
(-0.260817,-0) 
(12.3396,-0) 
(-0.110492,-0) 
(3.71596,-0) 
(10.1769,-0) 
(4.01532,-0) 


ITERATION #139
ONE REAL ROOT (|a1| > |a2|)

NORM = 0.000122341

EVALUE  = (3.85232,0)

EVECTOR = 
(-2.56213,-0) 
(7.19046,-0) 
(-3.57866,-0) 
(-8.75403,-0) 
(5.7316,-0) 
(-8.1286,-0) 
(6.0936,-0) 
(0.0241551,-0) 
(-11.9777,-0) 
(0.36277,-0) 
(-3.33976,-0) 
(-8.67319,-0) 
(4.77565,-0) 
(14.8403,-0) 
(0.260818,-0) 
(-12.3396,-0) 
(0.110491,-0) 
(-3.71596,-0) 
(-10.1769,-0) 
(-4.01532,-0) 


ITERATION #140
ONE REAL ROOT (|a1| > |a2|)

NORM = 0.000110987

EVALUE  = (3.85232,0)

EVECTOR = 
(2.56213,-0) 
(-7.19046,-0) 
(3.57866,-0) 
(8.75402,-0) 
(-5.7316,-0) 
(8.1286,-0) 
(-6.0936,-0) 
(-0.0241558,-0) 
(11.9777,-0) 
(-0.362771,-0) 
(3.33976,-0) 
(8.67319,-0) 
(-4.77565,-0) 
(-14.8403,-0) 
(-0.260818,-0) 
(12.3396,-0) 
(-0.110489,-0) 
(3.71596,-0) 
(10.1769,-0) 
(4.01532,-0) 


ITERATION #141
ONE REAL ROOT (|a1| > |a2|)

NORM = 0.000100687

EVALUE  = (3.85232,0)

EVECTOR = 
(-2.56213,-0) 
(7.19046,-0) 
(-3.57866,-0) 
(-8.75402,-0) 
(5.7316,-0) 
(-8.1286,-0) 
(6.0936,-0) 
(0.0241564,-0) 
(-11.9777,-0) 
(0.362772,-0) 
(-3.33976,-0) 
(-8.67319,-0) 
(4.77565,-0) 
(14.8403,-0) 
(0.260819,-0) 
(-12.3396,-0) 
(0.110488,-0) 
(-3.71596,-0) 
(-10.1769,-0) 
(-4.01532,-0) 


ITERATION #142
ONE REAL ROOT (|a1| > |a2|)

NORM = 9.13424e-05

EVALUE  = (3.85232,0)

EVECTOR = 
(2.56213,-0) 
(-7.19046,-0) 
(3.57866,-0) 
(8.75402,-0) 
(-5.7316,-0) 
(8.1286,-0) 
(-6.0936,-0) 
(-0.024157,-0) 
(11.9777,-0) 
(-0.362773,-0) 
(3.33976,-0) 
(8.67319,-0) 
(-4.77565,-0) 
(-14.8403,-0) 
(-0.260819,-0) 
(12.3396,-0) 
(-0.110487,-0) 
(3.71596,-0) 
(10.1769,-0) 
(4.01532,-0) 


ITERATION #143
ONE REAL ROOT (|a1| > |a2|)

NORM = 8.28653e-05

EVALUE  = (3.85232,0)

EVECTOR = 
(-2.56213,-0) 
(7.19046,-0) 
(-3.57867,-0) 
(-8.75402,-0) 
(5.7316,-0) 
(-8.1286,-0) 
(6.0936,-0) 
(0.0241575,-0) 
(-11.9777,-0) 
(0.362774,-0) 
(-3.33976,-0) 
(-8.67319,-0) 
(4.77565,-0) 
(14.8403,-0) 
(0.260819,-0) 
(-12.3396,-0) 
(0.110486,-0) 
(-3.71596,-0) 
(-10.1769,-0) 
(-4.01533,-0) 


ITERATION #144
ONE REAL ROOT (|a1| > |a2|)

NORM = 7.51749e-05

EVALUE  = (3.85232,0)

EVECTOR = 
(2.56213,-0) 
(-7.19046,-0) 
(3.57867,-0) 
(8.75402,-0) 
(-5.7316,-0) 
(8.1286,-0) 
(-6.0936,-0) 
(-0.024158,-0) 
(11.9777,-0) 
(-0.362774,-0) 
(3.33976,-0) 
(8.6732,-0) 
(-4.77565,-0) 
(-14.8403,-0) 
(-0.26082,-0) 
(12.3396,-0) 
(-0.110485,-0) 
(3.71597,-0) 
(10.1769,-0) 
(4.01533,-0) 


ITERATION #145
ONE REAL ROOT (|a1| > |a2|)

NORM = 6.81982e-05

EVALUE  = (3.85232,0)

EVECTOR = 
(-2.56213,-0) 
(7.19046,-0) 
(-3.57867,-0) 
(-8.75402,-0) 
(5.7316,-0) 
(-8.1286,-0) 
(6.09361,-0) 
(0.0241584,-0) 
(-11.9777,-0) 
(0.362775,-0) 
(-3.33976,-0) 
(-8.6732,-0) 
(4.77566,-0) 
(14.8403,-0) 
(0.26082,-0) 
(-12.3396,-0) 
(0.110485,-0) 
(-3.71597,-0) 
(-10.1769,-0) 
(-4.01533,-0) 


ITERATION #146
ONE REAL ROOT (|a1| > |a2|)

NORM = 6.1869e-05

EVALUE  = (3.85232,0)

EVECTOR = 
(2.56213,-0) 
(-7.19047,-0) 
(3.57867,-0) 
(8.75402,-0) 
(-5.7316,-0) 
(8.1286,-0) 
(-6.09361,-0) 
(-0.0241588,-0) 
(11.9777,-0) 
(-0.362775,-0) 
(3.33976,-0) 
(8.6732,-0) 
(-4.77566,-0) 
(-14.8403,-0) 
(-0.26082,-0) 
(12.3396,-0) 
(-0.110484,-0) 
(3.71597,-0) 
(10.1769,-0) 
(4.01533,-0) 


ITERATION #147
ONE REAL ROOT (|a1| > |a2|)

NORM = 5.61271e-05

EVALUE  = (3.85232,0)

EVECTOR = 
(-2.56213,-0) 
(7.19047,-0) 
(-3.57867,-0) 
(-8.75402,-0) 
(5.7316,-0) 
(-8.1286,-0) 
(6.09361,-0) 
(0.0241591,-0) 
(-11.9777,-0) 
(0.362776,-0) 
(-3.33976,-0) 
(-8.6732,-0) 
(4.77566,-0) 
(14.8403,-0) 
(0.260821,-0) 
(-12.3396,-0) 
(0.110483,-0) 
(-3.71597,-0) 
(-10.1769,-0) 
(-4.01533,-0) 


ITERATION #148
ONE REAL ROOT (|a1| > |a2|)

NORM = 5.09182e-05

EVALUE  = (3.85232,0)

EVECTOR = 
(2.56213,-0) 
(-7.19047,-0) 
(3.57867,-0) 
(8.75402,-0) 
(-5.7316,-0) 
(8.1286,-0) 
(-6.09361,-0) 
(-0.0241594,-0) 
(11.9777,-0) 
(-0.362776,-0) 
(3.33976,-0) 
(8.6732,-0) 
(-4.77566,-0) 
(-14.8403,-0) 
(-0.260821,-0) 
(12.3396,-0) 
(-0.110483,-0) 
(3.71597,-0) 
(10.1769,-0) 
(4.01533,-0) 


ITERATION #149
ONE REAL ROOT (|a1| > |a2|)

NORM = 4.61927e-05

EVALUE  = (3.85232,0)

EVECTOR = 
(-2.56213,-0) 
(7.19047,-0) 
(-3.57867,-0) 
(-8.75402,-0) 
(5.7316,-0) 
(-8.1286,-0) 
(6.09361,-0) 
(0.0241597,-0) 
(-11.9777,-0) 
(0.362777,-0) 
(-3.33976,-0) 
(-8.6732,-0) 
(4.77566,-0) 
(14.8403,-0) 
(0.260821,-0) 
(-12.3396,-0) 
(0.110482,-0) 
(-3.71597,-0) 
(-10.1769,-0) 
(-4.01533,-0) 


ITERATION #150
ONE REAL ROOT (|a1| > |a2|)

NORM = 4.19057e-05

EVALUE  = (3.85232,0)

EVECTOR = 
(2.56213,-0) 
(-7.19047,-0) 
(3.57867,-0) 
(8.75402,-0) 
(-5.7316,-0) 
(8.1286,-0) 
(-6.09361,-0) 
(-0.02416,-0) 
(11.9777,-0) 
(-0.362777,-0) 
(3.33976,-0) 
(8.6732,-0) 
(-4.77566,-0) 
(-14.8403,-0) 
(-0.260821,-0) 
(12.3396,-0) 
(-0.110482,-0) 
(3.71597,-0) 
(10.1769,-0) 
(4.01533,-0) 


ITERATION #151
ONE REAL ROOT (|a1| > |a2|)

NORM = 3.80167e-05

EVALUE  = (3.85232,0)

EVECTOR = 
(-2.56213,-0) 
(7.19047,-0) 
(-3.57867,-0) 
(-8.75402,-0) 
(5.7316,-0) 
(-8.1286,-0) 
(6.09361,-0) 
(0.0241602,-0) 
(-11.9777,-0) 
(0.362777,-0) 
(-3.33976,-0) 
(-8.6732,-0) 
(4.77566,-0) 
(14.8403,-0) 
(0.260821,-0) 
(-12.3396,-0) 
(0.110481,-0) 
(-3.71597,-0) 
(-10.1769,-0) 
(-4.01533,-0) 


ITERATION #152
ONE REAL ROOT (|a1| > |a2|)

NORM = 3.44885e-05

EVALUE  = (3.85232,0)

EVECTOR = 
(2.56213,-0) 
(-7.19047,-0) 
(3.57867,-0) 
(8.75402,-0) 
(-5.7316,-0) 
(8.1286,-0) 
(-6.09361,-0) 
(-0.0241604,-0) 
(11.9777,-0) 
(-0.362778,-0) 
(3.33976,-0) 
(8.6732,-0) 
(-4.77566,-0) 
(-14.8403,-0) 
(-0.260822,-0) 
(12.3396,-0) 
(-0.110481,-0) 
(3.71597,-0) 
(10.1769,-0) 
(4.01533,-0) 


ITERATION #153
ONE REAL ROOT (|a1| > |a2|)

NORM = 3.12875e-05

EVALUE  = (3.85232,0)

EVECTOR = 
(-2.56212,-0) 
(7.19047,-0) 
(-3.57867,-0) 
(-8.75402,-0) 
(5.7316,-0) 
(-8.1286,-0) 
(6.09361,-0) 
(0.0241606,-0) 
(-11.9777,-0) 
(0.362778,-0) 
(-3.33975,-0) 
(-8.6732,-0) 
(4.77566,-0) 
(14.8403,-0) 
(0.260822,-0) 
(-12.3396,-0) 
(0.11048,-0) 
(-3.71597,-0) 
(-10.1769,-0) 
(-4.01533,-0) 


ITERATION #154
ONE REAL ROOT (|a1| > |a2|)

NORM = 2.83839e-05

EVALUE  = (3.85232,0)

EVECTOR = 
(2.56212,-0) 
(-7.19047,-0) 
(3.57867,-0) 
(8.75402,-0) 
(-5.7316,-0) 
(8.1286,-0) 
(-6.09361,-0) 
(-0.0241608,-0) 
(11.9777,-0) 
(-0.362778,-0) 
(3.33975,-0) 
(8.6732,-0) 
(-4.77566,-0) 
(-14.8403,-0) 
(-0.260822,-0) 
(12.3396,-0) 
(-0.11048,-0) 
(3.71597,-0) 
(10.1769,-0) 
(4.01533,-0) 


ITERATION #155
ONE REAL ROOT (|a1| > |a2|)

NORM = 2.57498e-05

EVALUE  = (3.85232,0)

EVECTOR = 
(-2.56212,-0) 
(7.19047,-0) 
(-3.57867,-0) 
(-8.75402,-0) 
(5.7316,-0) 
(-8.1286,-0) 
(6.09361,-0) 
(0.0241609,-0) 
(-11.9777,-0) 
(0.362778,-0) 
(-3.33975,-0) 
(-8.6732,-0) 
(4.77566,-0) 
(14.8403,-0) 
(0.260822,-0) 
(-12.3396,-0) 
(0.11048,-0) 
(-3.71597,-0) 
(-10.1769,-0) 
(-4.01533,-0) 


ITERATION #156
ONE REAL ROOT (|a1| > |a2|)

NORM = 2.33601e-05

EVALUE  = (3.85232,0)

EVECTOR = 
(2.56212,-0) 
(-7.19047,-0) 
(3.57867,-0) 
(8.75402,-0) 
(-5.7316,-0) 
(8.1286,-0) 
(-6.09361,-0) 
(-0.0241611,-0) 
(11.9777,-0) 
(-0.362779,-0) 
(3.33975,-0) 
(8.6732,-0) 
(-4.77566,-0) 
(-14.8403,-0) 
(-0.260822,-0) 
(12.3396,-0) 
(-0.110479,-0) 
(3.71597,-0) 
(10.1769,-0) 
(4.01533,-0) 


ITERATION #157
ONE REAL ROOT (|a1| > |a2|)

NORM = 2.1192e-05

EVALUE  = (3.85232,0)

EVECTOR = 
(-2.56212,-0) 
(7.19047,-0) 
(-3.57867,-0) 
(-8.75402,-0) 
(5.7316,-0) 
(-8.1286,-0) 
(6.09361,-0) 
(0.0241612,-0) 
(-11.9777,-0) 
(0.362779,-0) 
(-3.33975,-0) 
(-8.6732,-0) 
(4.77566,-0) 
(14.8403,-0) 
(0.260822,-0) 
(-12.3396,-0) 
(0.110479,-0) 
(-3.71597,-0) 
(-10.1769,-0) 
(-4.01533,-0) 


ITERATION #158
ONE REAL ROOT (|a1| > |a2|)

NORM = 1.92255e-05

EVALUE  = (3.85232,0)

EVECTOR = 
(2.56212,-0) 
(-7.19047,-0) 
(3.57867,-0) 
(8.75402,-0) 
(-5.7316,-0) 
(8.1286,-0) 
(-6.09361,-0) 
(-0.0241613,-0) 
(11.9777,-0) 
(-0.362779,-0) 
(3.33975,-0) 
(8.67321,-0) 
(-4.77566,-0) 
(-14.8403,-0) 
(-0.260822,-0) 
(12.3396,-0) 
(-0.110479,-0) 
(3.71597,-0) 
(10.1769,-0) 
(4.01533,-0) 


ITERATION #159
ONE REAL ROOT (|a1| > |a2|)

NORM = 1.74411e-05

EVALUE  = (3.85232,0)

EVECTOR = 
(-2.56212,-0) 
(7.19047,-0) 
(-3.57867,-0) 
(-8.75402,-0) 
(5.7316,-0) 
(-8.1286,-0) 
(6.09361,-0) 
(0.0241614,-0) 
(-11.9777,-0) 
(0.362779,-0) 
(-3.33975,-0) 
(-8.67321,-0) 
(4.77566,-0) 
(14.8403,-0) 
(0.260822,-0) 
(-12.3396,-0) 
(0.110479,-0) 
(-3.71597,-0) 
(-10.1769,-0) 
(-4.01533,-0) 


ITERATION #160
ONE REAL ROOT (|a1| > |a2|)

NORM = 1.58227e-05

EVALUE  = (3.85232,0)

EVECTOR = 
(2.56212,-0) 
(-7.19047,-0) 
(3.57867,-0) 
(8.75402,-0) 
(-5.7316,-0) 
(8.1286,-0) 
(-6.09361,-0) 
(-0.0241615,-0) 
(11.9777,-0) 
(-0.362779,-0) 
(3.33975,-0) 
(8.67321,-0) 
(-4.77566,-0) 
(-14.8403,-0) 
(-0.260822,-0) 
(12.3396,-0) 
(-0.110479,-0) 
(3.71598,-0) 
(10.1769,-0) 
(4.01533,-0) 


ITERATION #161
ONE REAL ROOT (|a1| > |a2|)

NORM = 1.43539e-05

EVALUE  = (3.85232,0)

EVECTOR = 
(-2.56212,-0) 
(7.19047,-0) 
(-3.57867,-0) 
(-8.75402,-0) 
(5.7316,-0) 
(-8.1286,-0) 
(6.09361,-0) 
(0.0241616,-0) 
(-11.9777,-0) 
(0.362779,-0) 
(-3.33975,-0) 
(-8.67321,-0) 
(4.77566,-0) 
(14.8403,-0) 
(0.260823,-0) 
(-12.3396,-0) 
(0.110478,-0) 
(-3.71598,-0) 
(-10.1769,-0) 
(-4.01533,-0) 


ITERATION #162
ONE REAL ROOT (|a1| > |a2|)

NORM = 1.30221e-05

EVALUE  = (3.85232,0)

EVECTOR = 
(2.56212,-0) 
(-7.19047,-0) 
(3.57867,-0) 
(8.75402,-0) 
(-5.7316,-0) 
(8.1286,-0) 
(-6.09361,-0) 
(-0.0241617,-0) 
(11.9777,-0) 
(-0.36278,-0) 
(3.33975,-0) 
(8.67321,-0) 
(-4.77566,-0) 
(-14.8403,-0) 
(-0.260823,-0) 
(12.3396,-0) 
(-0.110478,-0) 
(3.71598,-0) 
(10.1769,-0) 
(4.01533,-0) 


ITERATION #163
ONE REAL ROOT (|a1| > |a2|)

NORM = 1.18136e-05

EVALUE  = (3.85232,0)

EVECTOR = 
(-2.56212,-0) 
(7.19047,-0) 
(-3.57867,-0) 
(-8.75402,-0) 
(5.7316,-0) 
(-8.1286,-0) 
(6.09361,-0) 
(0.0241618,-0) 
(-11.9777,-0) 
(0.36278,-0) 
(-3.33975,-0) 
(-8.67321,-0) 
(4.77566,-0) 
(14.8403,-0) 
(0.260823,-0) 
(-12.3396,-0) 
(0.110478,-0) 
(-3.71598,-0) 
(-10.1769,-0) 
(-4.01533,-0) 


ITERATION #164
ONE REAL ROOT (|a1| > |a2|)

NORM = 1.07172e-05

EVALUE  = (3.85232,0)

EVECTOR = 
(2.56212,-0) 
(-7.19047,-0) 
(3.57867,-0) 
(8.75402,-0) 
(-5.7316,-0) 
(8.1286,-0) 
(-6.09361,-0) 
(-0.0241618,-0) 
(11.9777,-0) 
(-0.36278,-0) 
(3.33975,-0) 
(8.67321,-0) 
(-4.77566,-0) 
(-14.8403,-0) 
(-0.260823,-0) 
(12.3396,-0) 
(-0.110478,-0) 
(3.71598,-0) 
(10.1769,-0) 
(4.01533,-0) 


ITERATION #165
ONE REAL ROOT (|a1| > |a2|)

NORM = 9.72249e-06

EVALUE  = (3.85232,0)

EVECTOR = 
(-2.56212,-0) 
(7.19047,-0) 
(-3.57867,-0) 
(-8.75402,-0) 
(5.7316,-0) 
(-8.1286,-0) 
(6.09361,-0) 
(0.0241619,-0) 
(-11.9777,-0) 
(0.36278,-0) 
(-3.33975,-0) 
(-8.67321,-0) 
(4.77566,-0) 
(14.8403,-0) 
(0.260823,-0) 
(-12.3396,-0) 
(0.110478,-0) 
(-3.71598,-0) 
(-10.1769,-0) 
(-4.01533,-0) 


ITERATION #166
ONE REAL ROOT (|a1| > |a2|)

NORM = 8.82001e-06

EVALUE  = (3.85232,0)

EVECTOR = 
(2.56212,-0) 
(-7.19047,-0) 
(3.57867,-0) 
(8.75402,-0) 
(-5.7316,-0) 
(8.1286,-0) 
(-6.09361,-0) 
(-0.0241619,-0) 
(11.9777,-0) 
(-0.36278,-0) 
(3.33975,-0) 
(8.67321,-0) 
(-4.77566,-0) 
(-14.8403,-0) 
(-0.260823,-0) 
(12.3396,-0) 
(-0.110478,-0) 
(3.71598,-0) 
(10.1769,-0) 
(4.01533,-0) 


ITERATION #167
ONE REAL ROOT (|a1| > |a2|)

NORM = 8.0011e-06

EVALUE  = (3.85232,0)

EVECTOR = 
(-2.56212,-0) 
(7.19047,-0) 
(-3.57867,-0) 
(-8.75402,-0) 
(5.7316,-0) 
(-8.1286,-0) 
(6.09361,-0) 
(0.024162,-0) 
(-11.9777,-0) 
(0.36278,-0) 
(-3.33975,-0) 
(-8.67321,-0) 
(4.77566,-0) 
(14.8403,-0) 
(0.260823,-0) 
(-12.3396,-0) 
(0.110478,-0) 
(-3.71598,-0) 
(-10.1769,-0) 
(-4.01533,-0) 


ITERATION #168
ONE REAL ROOT (|a1| > |a2|)

NORM = 7.25896e-06

EVALUE  = (3.85232,0)

EVECTOR = 
(2.56212,-0) 
(-7.19047,-0) 
(3.57867,-0) 
(8.75402,-0) 
(-5.7316,-0) 
(8.1286,-0) 
(-6.09361,-0) 
(-0.024162,-0) 
(11.9777,-0) 
(-0.36278,-0) 
(3.33975,-0) 
(8.67321,-0) 
(-4.77567,-0) 
(-14.8403,-0) 
(-0.260823,-0) 
(12.3396,-0) 
(-0.110478,-0) 
(3.71598,-0) 
(10.1769,-0) 
(4.01533,-0) 


ITERATION #169
ONE REAL ROOT (|a1| > |a2|)

NORM = 6.585e-06

EVALUE  = (3.85232,0)

EVECTOR = 
(-2.56212,-0) 
(7.19047,-0) 
(-3.57867,-0) 
(-8.75402,-0) 
(5.7316,-0) 
(-8.1286,-0) 
(6.09361,-0) 
(0.0241621,-0) 
(-11.9777,-0) 
(0.36278,-0) 
(-3.33975,-0) 
(-8.67321,-0) 
(4.77567,-0) 
(14.8403,-0) 
(0.260823,-0) 
(-12.3396,-0) 
(0.110477,-0) 
(-3.71598,-0) 
(-10.1769,-0) 
(-4.01533,-0) 


ITERATION #170
ONE REAL ROOT (|a1| > |a2|)

NORM = 5.97385e-06

EVALUE  = (3.85232,0)

EVECTOR = 
(2.56212,-0) 
(-7.19047,-0) 
(3.57867,-0) 
(8.75402,-0) 
(-5.7316,-0) 
(8.1286,-0) 
(-6.09361,-0) 
(-0.0241621,-0) 
(11.9777,-0) 
(-0.36278,-0) 
(3.33975,-0) 
(8.67321,-0) 
(-4.77567,-0) 
(-14.8403,-0) 
(-0.260823,-0) 
(12.3396,-0) 
(-0.110477,-0) 
(3.71598,-0) 
(10.1769,-0) 
(4.01533,-0) 


ITERATION #171
ONE REAL ROOT (|a1| > |a2|)

NORM = 5.41973e-06

EVALUE  = (3.85232,0)

EVECTOR = 
(-2.56212,-0) 
(7.19047,-0) 
(-3.57867,-0) 
(-8.75402,-0) 
(5.7316,-0) 
(-8.1286,-0) 
(6.09361,-0) 
(0.0241621,-0) 
(-11.9777,-0) 
(0.36278,-0) 
(-3.33975,-0) 
(-8.67321,-0) 
(4.77567,-0) 
(14.8403,-0) 
(0.260823,-0) 
(-12.3396,-0) 
(0.110477,-0) 
(-3.71598,-0) 
(-10.1769,-0) 
(-4.01533,-0) 


ITERATION #172
ONE REAL ROOT (|a1| > |a2|)

NORM = 4.91611e-06

EVALUE  = (3.85232,0)

EVECTOR = 
(2.56212,-0) 
(-7.19047,-0) 
(3.57867,-0) 
(8.75402,-0) 
(-5.7316,-0) 
(8.1286,-0) 
(-6.09361,-0) 
(-0.0241622,-0) 
(11.9777,-0) 
(-0.36278,-0) 
(3.33975,-0) 
(8.67321,-0) 
(-4.77567,-0) 
(-14.8403,-0) 
(-0.260823,-0) 
(12.3396,-0) 
(-0.110477,-0) 
(3.71598,-0) 
(10.1769,-0) 
(4.01533,-0) 


ITERATION #173
ONE REAL ROOT (|a1| > |a2|)

NORM = 4.46006e-06

EVALUE  = (3.85232,0)

EVECTOR = 
(-2.56212,-0) 
(7.19047,-0) 
(-3.57867,-0) 
(-8.75402,-0) 
(5.7316,-0) 
(-8.1286,-0) 
(6.09361,-0) 
(0.0241622,-0) 
(-11.9777,-0) 
(0.36278,-0) 
(-3.33975,-0) 
(-8.67321,-0) 
(4.77567,-0) 
(14.8403,-0) 
(0.260823,-0) 
(-12.3396,-0) 
(0.110477,-0) 
(-3.71598,-0) 
(-10.1769,-0) 
(-4.01533,-0) 


ITERATION #174
ONE REAL ROOT (|a1| > |a2|)

NORM = 4.04752e-06

EVALUE  = (3.85232,0)

EVECTOR = 
(2.56212,-0) 
(-7.19047,-0) 
(3.57867,-0) 
(8.75402,-0) 
(-5.7316,-0) 
(8.1286,-0) 
(-6.09361,-0) 
(-0.0241622,-0) 
(11.9777,-0) 
(-0.36278,-0) 
(3.33975,-0) 
(8.67321,-0) 
(-4.77567,-0) 
(-14.8403,-0) 
(-0.260823,-0) 
(12.3396,-0) 
(-0.110477,-0) 
(3.71598,-0) 
(10.1769,-0) 
(4.01533,-0) 


ITERATION #175
ONE REAL ROOT (|a1| > |a2|)

NORM = 3.67044e-06

EVALUE  = (3.85232,0)

EVECTOR = 
(-2.56212,-0) 
(7.19047,-0) 
(-3.57867,-0) 
(-8.75402,-0) 
(5.7316,-0) 
(-8.1286,-0) 
(6.09361,-0) 
(0.0241622,-0) 
(-11.9777,-0) 
(0.36278,-0) 
(-3.33975,-0) 
(-8.67321,-0) 
(4.77567,-0) 
(14.8403,-0) 
(0.260823,-0) 
(-12.3396,-0) 
(0.110477,-0) 
(-3.71598,-0) 
(-10.1769,-0) 
(-4.01533,-0) 


ITERATION #176
TWO REAL ROOTS (|a1| = |a2|)

NORM = 1.42303e-06

EVALUE  = (3.85232,0)

EVECTOR = 
(20.3807,0) 
(-57.1976,0) 
(28.467,0) 
(69.635,0) 
(-45.5928,0) 
(64.6601,0) 
(-48.4725,0) 
(-0.192204,0) 
(95.2785,0) 
(-2.88579,0) 
(26.5665,0) 
(68.9922,0) 
(-37.9887,0) 
(-118.05,0) 
(-2.07475,0) 
(98.1568,0) 
(-0.878802,0) 
(29.5592,0) 
(80.9532,0) 
(31.9405,0) 


EVALUE  = (-4.10232,0)

EVECTOR = 
(-2.21897e-06,0) 
(-1.17628e-06,0) 
(1.70591e-06,0) 
(-1.8705e-06,0) 
(2.45543e-06,0) 
(4.77018e-07,0) 
(-2.68952e-06,0) 
(-1.50177e-06,0) 
(1.77853e-07,0) 
(-2.10295e-06,0) 
(-1.08983e-06,0) 
(2.70637e-06,0) 
(-3.18356e-06,0) 
(2.06288e-06,0) 
(-1.08095e-06,0) 
(6.40016e-07,0) 
(2.88932e-06,0) 
(3.32781e-06,0) 
(-1.89339e-06,0) 
(9.15528e-07,0) 


ITERATION #177
ONE REAL ROOT (|a1| > |a2|)

NORM = 3.02246e-06

EVALUE  = (3.85232,0)

EVECTOR = 
(-2.56212,-0) 
(7.19047,-0) 
(-3.57867,-0) 
(-8.75402,-0) 
(5.7316,-0) 
(-8.1286,-0) 
(6.09361,-0) 
(0.0241623,-0) 
(-11.9777,-0) 
(0.36278,-0) 
(-3.33975,-0) 
(-8.67321,-0) 
(4.77567,-0) 
(14.8403,-0) 
(0.260823,-0) 
(-12.3396,-0) 
(0.110477,-0) 
(-3.71598,-0) 
(-10.1769,-0) 
(-4.01533,-0) 


ITERATION #178
ONE REAL ROOT (|a1| > |a2|)

NORM = 2.74253e-06

EVALUE  = (3.85232,0)

EVECTOR = 
(2.56212,-0) 
(-7.19047,-0) 
(3.57867,-0) 
(8.75402,-0) 
(-5.7316,-0) 
(8.1286,-0) 
(-6.09361,-0) 
(-0.0241623,-0) 
(11.9777,-0) 
(-0.36278,-0) 
(3.33975,-0) 
(8.67321,-0) 
(-4.77567,-0) 
(-14.8403,-0) 
(-0.260823,-0) 
(12.3396,-0) 
(-0.110477,-0) 
(3.71598,-0) 
(10.1769,-0) 
(4.01533,-0) 


ITERATION #179
TWO REAL ROOTS (|a1| = |a2|)

NORM = 4.4919e-07

EVALUE  = (3.85232,0)

EVECTOR = 
(-19.7402,0) 
(55.3999,0) 
(-27.5724,0) 
(-67.4465,0) 
(44.1599,0) 
(-62.6279,0) 
(46.9491,0) 
(0.186163,0) 
(-92.2841,0) 
(2.79509,0) 
(-25.7316,0) 
(-66.8239,0) 
(36.7948,0) 
(114.339,0) 
(2.00955,0) 
(-95.0719,0) 
(0.851183,0) 
(-28.6302,0) 
(-78.409,0) 
(-30.9367,0) 


EVALUE  = (-3.85232,0)

EVECTOR = 
(1.65602e-06,0) 
(8.80214e-07,0) 
(-1.27465e-06,0) 
(1.39414e-06,0) 
(-1.8317e-06,0) 
(-3.58389e-07,0) 
(2.00973e-06,0) 
(1.12126e-06,0) 
(-1.36086e-07,0) 
(1.57021e-06,0) 
(8.12772e-07,0) 
(-2.02302e-06,0) 
(2.37823e-06,0) 
(-1.5361e-06,0) 
(8.07128e-07,0) 
(-4.81246e-07,0) 
(-2.15719e-06,0) 
(-2.48564e-06,0) 
(1.41084e-06,0) 
(-6.84658e-07,0) 


ITERATION #180
TWO REAL ROOTS (|a1| = |a2|)

NORM = 4.07502e-07

EVALUE  = (3.85232,0)

EVECTOR = 
(19.7402,0) 
(-55.3999,0) 
(27.5724,0) 
(67.4465,0) 
(-44.1599,0) 
(62.6279,0) 
(-46.9491,0) 
(-0.186163,0) 
(92.2841,0) 
(-2.79509,0) 
(25.7316,0) 
(66.8239,0) 
(-36.7948,0) 
(-114.339,0) 
(-2.00955,0) 
(95.0719,0) 
(-0.851183,0) 
(28.6302,0) 
(78.409,0) 
(30.9367,0) 


EVALUE  = (-3.85232,0)

EVECTOR = 
(-1.50233e-06,0) 
(-7.98525e-07,0) 
(1.15636e-06,0) 
(-1.26476e-06,0) 
(1.66171e-06,0) 
(3.25128e-07,0) 
(-1.82322e-06,0) 
(-1.0172e-06,0) 
(1.23456e-07,0) 
(-1.42448e-06,0) 
(-7.37342e-07,0) 
(1.83527e-06,0) 
(-2.15751e-06,0) 
(1.39354e-06,0) 
(-7.32222e-07,0) 
(4.36583e-07,0) 
(1.95699e-06,0) 
(2.25496e-06,0) 
(-1.27991e-06,0) 
(6.21117e-07,0) 


ITERATION #181
TWO REAL ROOTS (|a1| = |a2|)

NORM = 3.69683e-07

EVALUE  = (3.85232,0)

EVECTOR = 
(-19.7402,0) 
(55.3999,0) 
(-27.5724,0) 
(-67.4465,0) 
(44.1599,0) 
(-62.6279,0) 
(46.9491,0) 
(0.186163,0) 
(-92.2841,0) 
(2.79509,0) 
(-25.7316,0) 
(-66.8239,0) 
(36.7948,0) 
(114.339,0) 
(2.00955,0) 
(-95.0719,0) 
(0.851183,0) 
(-28.6302,0) 
(-78.409,0) 
(-30.9367,0) 


EVALUE  = (-3.85232,0)

EVECTOR = 
(1.36291e-06,0) 
(7.24417e-07,0) 
(-1.04904e-06,0) 
(1.14738e-06,0) 
(-1.50749e-06,0) 
(-2.94954e-07,0) 
(1.65401e-06,0) 
(9.22797e-07,0) 
(-1.11998e-07,0) 
(1.29228e-06,0) 
(6.68912e-07,0) 
(-1.66495e-06,0) 
(1.95728e-06,0) 
(-1.26421e-06,0) 
(6.64267e-07,0) 
(-3.96065e-07,0) 
(-1.77537e-06,0) 
(-2.04568e-06,0) 
(1.16112e-06,0) 
(-5.63474e-07,0) 


ITERATION #182
TWO REAL ROOTS (|a1| = |a2|)

NORM = 3.35375e-07

EVALUE  = (3.85232,0)

EVECTOR = 
(19.7402,0) 
(-55.3999,0) 
(27.5724,0) 
(67.4465,0) 
(-44.1599,0) 
(62.6279,0) 
(-46.9491,0) 
(-0.186163,0) 
(92.2841,0) 
(-2.79509,0) 
(25.7316,0) 
(66.8239,0) 
(-36.7948,0) 
(-114.339,0) 
(-2.00955,0) 
(95.0719,0) 
(-0.851183,0) 
(28.6302,0) 
(78.409,0) 
(30.9367,0) 


EVALUE  = (-3.85232,0)

EVECTOR = 
(-1.23642e-06,0) 
(-6.57187e-07,0) 
(9.51683e-07,0) 
(-1.0409e-06,0) 
(1.36759e-06,0) 
(2.67581e-07,0) 
(-1.50051e-06,0) 
(-8.37156e-07,0) 
(1.01604e-07,0) 
(-1.17235e-06,0) 
(-6.06833e-07,0) 
(1.51043e-06,0) 
(-1.77564e-06,0) 
(1.14689e-06,0) 
(-6.02619e-07,0) 
(3.59308e-07,0) 
(1.61061e-06,0) 
(1.85583e-06,0) 
(-1.05336e-06,0) 
(5.1118e-07,0) 


ITERATION #183
TWO REAL ROOTS (|a1| = |a2|)

NORM = 3.0425e-07

EVALUE  = (3.85232,0)

EVECTOR = 
(-19.7402,0) 
(55.3999,0) 
(-27.5724,0) 
(-67.4465,0) 
(44.1599,0) 
(-62.6279,0) 
(46.9491,0) 
(0.186163,0) 
(-92.2841,0) 
(2.79509,0) 
(-25.7316,0) 
(-66.8239,0) 
(36.7948,0) 
(114.339,0) 
(2.00955,0) 
(-95.0719,0) 
(0.851183,0) 
(-28.6302,0) 
(-78.409,0) 
(-30.9367,0) 


EVALUE  = (-3.85232,0)

EVECTOR = 
(1.12167e-06,0) 
(5.96196e-07,0) 
(-8.63361e-07,0) 
(9.44295e-07,0) 
(-1.24067e-06,0) 
(-2.42748e-07,0) 
(1.36125e-06,0) 
(7.59462e-07,0) 
(-9.21748e-08,0) 
(1.06355e-06,0) 
(5.50515e-07,0) 
(-1.37025e-06,0) 
(1.61085e-06,0) 
(-1.04045e-06,0) 
(5.46692e-07,0) 
(-3.25962e-07,0) 
(-1.46113e-06,0) 
(-1.6836e-06,0) 
(9.55605e-07,0) 
(-4.63739e-07,0) 


ITERATION #184
ONE REAL ROOT (|a1| > |a2|)

NORM = 1.52895e-06

EVALUE  = (3.85232,0)

EVECTOR = 
(2.56212,-0) 
(-7.19047,-0) 
(3.57867,-0) 
(8.75402,-0) 
(-5.7316,-0) 
(8.1286,-0) 
(-6.09361,-0) 
(-0.0241624,-0) 
(11.9777,-0) 
(-0.362781,-0) 
(3.33975,-0) 
(8.67321,-0) 
(-4.77567,-0) 
(-14.8403,-0) 
(-0.260823,-0) 
(12.3396,-0) 
(-0.110477,-0) 
(3.71598,-0) 
(10.1769,-0) 
(4.01533,-0) 


ITERATION #185
TWO REAL ROOTS (|a1| = |a2|)

NORM = 2.50398e-07

EVALUE  = (3.85232,0)

EVECTOR = 
(-19.7402,0) 
(55.3999,0) 
(-27.5724,0) 
(-67.4465,0) 
(44.1599,0) 
(-62.6279,0) 
(46.9491,0) 
(0.186163,0) 
(-92.2841,0) 
(2.79509,0) 
(-25.7316,0) 
(-66.8239,0) 
(36.7948,0) 
(114.339,0) 
(2.00955,0) 
(-95.0719,0) 
(0.851183,0) 
(-28.6302,0) 
(-78.409,0) 
(-30.9367,0) 


EVALUE  = (-3.85232,0)

EVECTOR = 
(9.23139e-07,0) 
(4.90669e-07,0) 
(-7.10547e-07,0) 
(7.77155e-07,0) 
(-1.02107e-06,0) 
(-1.99782e-07,0) 
(1.12031e-06,0) 
(6.25038e-07,0) 
(-7.586e-08,0) 
(8.75303e-07,0) 
(4.53074e-07,0) 
(-1.12772e-06,0) 
(1.32573e-06,0) 
(-8.5629e-07,0) 
(4.49928e-07,0) 
(-2.68267e-07,0) 
(-1.20251e-06,0) 
(-1.3856e-06,0) 
(7.86464e-07,0) 
(-3.81658e-07,0) 


ITERATION #186
ONE REAL ROOT (|a1| > |a2|)

NORM = 1.26045e-06

EVALUE  = (3.85232,0)

EVECTOR = 
(2.56212,-0) 
(-7.19047,-0) 
(3.57867,-0) 
(8.75402,-0) 
(-5.7316,-0) 
(8.1286,-0) 
(-6.09361,-0) 
(-0.0241624,-0) 
(11.9777,-0) 
(-0.362781,-0) 
(3.33975,-0) 
(8.67321,-0) 
(-4.77567,-0) 
(-14.8403,-0) 
(-0.260823,-0) 
(12.3396,-0) 
(-0.110477,-0) 
(3.71598,-0) 
(10.1769,-0) 
(4.01533,-0) 


ITERATION #187
TWO REAL ROOTS (|a1| = |a2|)

NORM = 3.2072e-06

EVALUE  = (3.85232,0)

EVECTOR = 
(-26.5725,0) 
(74.5745,0) 
(-37.1155,0) 
(-90.7906,0) 
(59.4441,0) 
(-84.3042,0) 
(63.1987,0) 
(0.250596,0) 
(-124.225,0) 
(3.76251,0) 
(-34.6376,0) 
(-89.9525,0) 
(49.5299,0) 
(153.914,0) 
(2.70508,0) 
(-127.977,0) 
(1.14579,0) 
(-38.5395,0) 
(-105.547,0) 
(-41.6442,0) 


EVALUE  = (-6.51898,0)

EVECTOR = 
(7.62391e-07,0) 
(3.96393e-07,0) 
(-5.81084e-07,0) 
(6.48642e-07,0) 
(-8.46261e-07,0) 
(-1.56023e-07,0) 
(9.15722e-07,0) 
(5.14382e-07,0) 
(-5.00596e-08,0) 
(7.2e-07,0) 
(3.7633e-07,0) 
(-9.19155e-07,0) 
(1.08614e-06,0) 
(-7.20057e-07,0) 
(3.70022e-07,0) 
(-2.08037e-07,0) 
(-9.89783e-07,0) 
(-1.13651e-06,0) 
(6.57773e-07,0) 
(-3.09957e-07,0) 


ITERATION #188
TWO REAL ROOTS (|a1| = |a2|)

NORM = 1.86952e-07

EVALUE  = (3.85232,0)

EVECTOR = 
(19.7402,0) 
(-55.3999,0) 
(27.5724,0) 
(67.4465,0) 
(-44.1599,0) 
(62.6279,0) 
(-46.9491,0) 
(-0.186163,0) 
(92.2841,0) 
(-2.79509,0) 
(25.7316,0) 
(66.8239,0) 
(-36.7948,0) 
(-114.339,0) 
(-2.00955,0) 
(95.0719,0) 
(-0.851183,0) 
(28.6302,0) 
(78.409,0) 
(30.9367,0) 


EVALUE  = (-3.85232,0)

EVECTOR = 
(-6.89235e-07,0) 
(-3.66344e-07,0) 
(5.30509e-07,0) 
(-5.8024e-07,0) 
(7.62352e-07,0) 
(1.49161e-07,0) 
(-8.36448e-07,0) 
(-4.66667e-07,0) 
(5.66387e-08,0) 
(-6.53519e-07,0) 
(-3.38275e-07,0) 
(8.4198e-07,0) 
(-9.89816e-07,0) 
(6.39324e-07,0) 
(-3.35926e-07,0) 
(2.00294e-07,0) 
(8.97822e-07,0) 
(1.03452e-06,0) 
(-5.87191e-07,0) 
(2.84954e-07,0) 


ITERATION #189
TWO REAL ROOTS (|a1| = |a2|)

NORM = 1.69602e-07

EVALUE  = (3.85232,0)

EVECTOR = 
(-19.7402,0) 
(55.3999,0) 
(-27.5724,0) 
(-67.4465,0) 
(44.1599,0) 
(-62.6279,0) 
(46.9491,0) 
(0.186163,0) 
(-92.2841,0) 
(2.79509,0) 
(-25.7316,0) 
(-66.8239,0) 
(36.7948,0) 
(114.339,0) 
(2.00955,0) 
(-95.0719,0) 
(0.851183,0) 
(-28.6302,0) 
(-78.409,0) 
(-30.9367,0) 


EVALUE  = (-3.85232,0)

EVECTOR = 
(6.2527e-07,0) 
(3.32345e-07,0) 
(-4.81275e-07,0) 
(5.26391e-07,0) 
(-6.91601e-07,0) 
(-1.35318e-07,0) 
(7.5882e-07,0) 
(4.23357e-07,0) 
(-5.13822e-08,0) 
(5.92869e-07,0) 
(3.06881e-07,0) 
(-7.63839e-07,0) 
(8.97955e-07,0) 
(-5.79991e-07,0) 
(3.0475e-07,0) 
(-1.81705e-07,0) 
(-8.14499e-07,0) 
(-9.38511e-07,0) 
(5.32696e-07,0) 
(-2.58508e-07,0) 


ITERATION #190
ONE REAL ROOT (|a1| > |a2|)

NORM = 8.55319e-07

EVALUE  = (3.85232,0)

EVECTOR = 
(2.56212,-0) 
(-7.19047,-0) 
(3.57867,-0) 
(8.75402,-0) 
(-5.7316,-0) 
(8.1286,-0) 
(-6.09362,-0) 
(-0.0241624,-0) 
(11.9777,-0) 
(-0.362781,-0) 
(3.33975,-0) 
(8.67321,-0) 
(-4.77567,-0) 
(-14.8403,-0) 
(-0.260823,-0) 
(12.3396,-0) 
(-0.110477,-0) 
(3.71598,-0) 
(10.1769,-0) 
(4.01533,-0) 


ITERATION #191
ONE REAL ROOT (|a1| > |a2|)

NORM = 7.77747e-07

EVALUE  = (3.85232,0)

EVECTOR = 
(-2.56212,-0) 
(7.19047,-0) 
(-3.57867,-0) 
(-8.75402,-0) 
(5.7316,-0) 
(-8.1286,-0) 
(6.09362,-0) 
(0.0241624,-0) 
(-11.9777,-0) 
(0.362781,-0) 
(-3.33975,-0) 
(-8.67321,-0) 
(4.77567,-0) 
(14.8403,-0) 
(0.260823,-0) 
(-12.3396,-0) 
(0.110477,-0) 
(-3.71598,-0) 
(-10.1769,-0) 
(-4.01533,-0) 


ITERATION #192
ONE REAL ROOT (|a1| > |a2|)

NORM = 7.05568e-07

EVALUE  = (3.85232,0)

EVECTOR = 
(2.56212,-0) 
(-7.19047,-0) 
(3.57867,-0) 
(8.75402,-0) 
(-5.7316,-0) 
(8.1286,-0) 
(-6.09362,-0) 
(-0.0241624,-0) 
(11.9777,-0) 
(-0.362781,-0) 
(3.33975,-0) 
(8.67321,-0) 
(-4.77567,-0) 
(-14.8403,-0) 
(-0.260823,-0) 
(12.3396,-0) 
(-0.110477,-0) 
(3.71598,-0) 
(10.1769,-0) 
(4.01533,-0) 


ITERATION #193
ONE REAL ROOT (|a1| > |a2|)

NORM = 6.38599e-07

EVALUE  = (3.85232,0)

EVECTOR = 
(-2.56212,-0) 
(7.19047,-0) 
(-3.57867,-0) 
(-8.75402,-0) 
(5.7316,-0) 
(-8.1286,-0) 
(6.09362,-0) 
(0.0241624,-0) 
(-11.9777,-0) 
(0.362781,-0) 
(-3.33975,-0) 
(-8.67321,-0) 
(4.77567,-0) 
(14.8403,-0) 
(0.260823,-0) 
(-12.3396,-0) 
(0.110477,-0) 
(-3.71598,-0) 
(-10.1769,-0) 
(-4.01533,-0) 


ITERATION #194
TWO COMPLEX ROOTS

NORM = -inf

EVALUE  = (-nan(ind),-nan(ind))

EVECTOR = 
(-nan(ind),-nan(ind)) 
(-nan(ind),-nan(ind)) 
(-nan(ind),-nan(ind)) 
(-nan(ind),-nan(ind)) 
(-nan(ind),-nan(ind)) 
(-nan(ind),-nan(ind)) 
(-nan(ind),-nan(ind)) 
(-nan(ind),-nan(ind)) 
(-nan(ind),-nan(ind)) 
(-nan(ind),-nan(ind)) 
(-nan(ind),-nan(ind)) 
(-nan(ind),-nan(ind)) 
(-nan(ind),-nan(ind)) 
(-nan(ind),-nan(ind)) 
(-nan(ind),-nan(ind)) 
(-nan(ind),-nan(ind)) 
(-nan(ind),-nan(ind)) 
(-nan(ind),-nan(ind)) 
(-nan(ind),-nan(ind)) 
(-nan(ind),-nan(ind)) 


EVALUE  = (-nan(ind),-nan(ind))

EVECTOR = 
(-nan(ind),-nan(ind)) 
(-nan(ind),-nan(ind)) 
(-nan(ind),-nan(ind)) 
(-nan(ind),-nan(ind)) 
(-nan(ind),-nan(ind)) 
(-nan(ind),-nan(ind)) 
(-nan(ind),-nan(ind)) 
(-nan(ind),-nan(ind)) 
(-nan(ind),-nan(ind)) 
(-nan(ind),-nan(ind)) 
(-nan(ind),-nan(ind)) 
(-nan(ind),-nan(ind)) 
(-nan(ind),-nan(ind)) 
(-nan(ind),-nan(ind)) 
(-nan(ind),-nan(ind)) 
(-nan(ind),-nan(ind)) 
(-nan(ind),-nan(ind)) 
(-nan(ind),-nan(ind)) 
(-nan(ind),-nan(ind)) 
(-nan(ind),-nan(ind)) 




NORM = -inf

EVALUE  = (-nan(ind),-nan(ind))

EVECTOR = 
(-nan(ind),-nan(ind)) 
(-nan(ind),-nan(ind)) 
(-nan(ind),-nan(ind)) 
(-nan(ind),-nan(ind)) 
(-nan(ind),-nan(ind)) 
(-nan(ind),-nan(ind)) 
(-nan(ind),-nan(ind)) 
(-nan(ind),-nan(ind)) 
(-nan(ind),-nan(ind)) 
(-nan(ind),-nan(ind)) 
(-nan(ind),-nan(ind)) 
(-nan(ind),-nan(ind)) 
(-nan(ind),-nan(ind)) 
(-nan(ind),-nan(ind)) 
(-nan(ind),-nan(ind)) 
(-nan(ind),-nan(ind)) 
(-nan(ind),-nan(ind)) 
(-nan(ind),-nan(ind)) 
(-nan(ind),-nan(ind)) 
(-nan(ind),-nan(ind)) 


EVALUE  = (-nan(ind),-nan(ind))

EVECTOR = 
(-nan(ind),-nan(ind)) 
(-nan(ind),-nan(ind)) 
(-nan(ind),-nan(ind)) 
(-nan(ind),-nan(ind)) 
(-nan(ind),-nan(ind)) 
(-nan(ind),-nan(ind)) 
(-nan(ind),-nan(ind)) 
(-nan(ind),-nan(ind)) 
(-nan(ind),-nan(ind)) 
(-nan(ind),-nan(ind)) 
(-nan(ind),-nan(ind)) 
(-nan(ind),-nan(ind)) 
(-nan(ind),-nan(ind)) 
(-nan(ind),-nan(ind)) 
(-nan(ind),-nan(ind)) 
(-nan(ind),-nan(ind)) 
(-nan(ind),-nan(ind)) 
(-nan(ind),-nan(ind)) 
(-nan(ind),-nan(ind)) 
(-nan(ind),-nan(ind)) 


