0.02
0.611
5.286
30.821
26.16
22.482
61.358
59.936
42.312
64.269
76.025
93.435
70.549
141.607
153.913
168.463
143.295
208.308
135.821
248.478
266.639
228.987
258.369
226.915
363.825
393.218
419.593
448.537
486.579
448.65
329.328
567.796
602.185
375.372
668.628
689.564
736.259
778.863
817.789
847.454
899.732
725.095
983.776
1107.25
1161.88
1211.72
1200.94
1312.93
827.414
1416.13
1459.87
1040.47
1564.66
1644.96
1687.72
1733
1826.46
1112.8
1918.15
2051.6
2121.77
2067.44
1820.6
2292.3
2373.48
2403.84
2450.38
1815.27
2636.68
2665.92
2792.46
2851.78
2945.22
2358.76
3172.57
3266.2
3092.96
3345.22
3418.89
2105.8
2709.86
3659.07
3329.42
3811.56
3920.98
3839.66
4090.16
4177.57
4288.53
4380.25
4479.54
4592.74
4723.79
4665.3
3071.84
4868.66
4747.64
4300.21
5284.82
5336.72
5415.11
3515.66
5673.33
5746
5838.52
5945.58
6007.5
2856.16
5047.56
4241.13
6411.6
7223.49
9236.06
7902.58
4976.32
8148.13
8714.26
5317.8
7108.18
8239.02
7492.68
5063.47
8074.63
8106.27
7693.52
8074.93
6698.28
8666.65
8069.79
8816.33
5735.36
9065.51
8865.26
10094.4
10150.9
10120.6
10372.8
8028.28
9941.2
10984.6
8197.35
8509.31
11846.3
11244
11600.8
10992
11868.4
11308
12660.3
12490.5
11398.5
7911.78
12946.5
11635.2
12503.6
12454.2
13116.7
13132.7
13709.4
9881.93
13902.2
12442.5
13535.9
14557.1
15825.2
14629.4
15300
15483.7
15663.4
14777.1
15827.9
16155.8
16427.9
16747.3
17064.8
17316.8
14506.1
18158.9
18270.5
17702.2
17937.8
16842.7
19493.2
18470.7
19641.5
19254
18181.4
18627.9
19513.6
14932.9
19033.7
20152.5
20412.7
20465
20712
20911.5
21346.6
20970.8
21999.6
21906.8
21999.5
